DATASET_NAME: AGE
ENSEMBLE: RF
NB_TREES: 5
NB_FEATURES: 5
NB_CLASSES: 2
MAX_TREE_DEPTH: 10
Format: node / node type (LN - leave node, IN - internal node) left child / right child / feature / threshold / node_depth / majority class (starts with index 0)

[TREE 0]
NB_NODES: 317
0 IN 1 204 2 104.023472 11 1
1 IN 2 31 0 1.001832 10 0
2 IN 3 24 4 18.065001 9 0
3 IN 4 5 3 86.500000 8 0
4 LN -1 -1 -1 -1.000000 1 0
5 IN 6 23 4 9.435000 7 0
6 IN 7 14 3 91.500000 6 0
7 IN 8 13 2 100.000000 4 0
8 IN 9 10 4 8.280000 3 0
9 LN -1 -1 -1 -1.000000 1 0
10 IN 11 12 2 96.500000 2 1
11 LN -1 -1 -1 -1.000000 1 1
12 LN -1 -1 -1 -1.000000 1 0
13 LN -1 -1 -1 -1.000000 1 1
14 IN 15 16 3 100.500000 5 0
15 LN -1 -1 -1 -1.000000 1 0
16 IN 17 22 4 7.490000 4 0
17 IN 18 21 4 7.310000 3 0
18 IN 19 20 2 101.500000 2 0
19 LN -1 -1 -1 -1.000000 1 0
20 LN -1 -1 -1 -1.000000 1 0
21 LN -1 -1 -1 -1.000000 1 1
22 LN -1 -1 -1 -1.000000 1 0
23 LN -1 -1 -1 -1.000000 1 0
24 IN 25 26 2 86.500000 4 0
25 LN -1 -1 -1 -1.000000 1 1
26 IN 27 30 1 0.671913 3 0
27 IN 28 29 4 26.265000 2 0
28 LN -1 -1 -1 -1.000000 1 1
29 LN -1 -1 -1 -1.000000 1 0
30 LN -1 -1 -1 -1.000000 1 0
31 IN 32 111 3 98.060677 9 0
32 IN 33 90 4 12.072237 8 0
33 IN 34 59 2 98.116879 7 0
34 IN 35 36 2 80.065971 6 0
35 LN -1 -1 -1 -1.000000 1 0
36 IN 37 44 3 55.694452 5 0
37 IN 38 39 2 89.029572 4 1
38 LN -1 -1 -1 -1.000000 1 0
39 IN 40 43 1 0.942010 3 1
40 IN 41 42 1 0.397501 2 1
41 LN -1 -1 -1 -1.000000 1 0
42 LN -1 -1 -1 -1.000000 1 1
43 LN -1 -1 -1 -1.000000 1 0
44 IN 45 52 4 5.898402 4 0
45 IN 46 49 1 0.674158 3 0
46 IN 47 48 2 83.896606 2 1
47 LN -1 -1 -1 -1.000000 1 1
48 LN -1 -1 -1 -1.000000 1 0
49 IN 50 51 2 95.267155 2 0
50 LN -1 -1 -1 -1.000000 1 0
51 LN -1 -1 -1 -1.000000 1 1
52 IN 53 56 2 87.262146 3 0
53 IN 54 55 3 70.833416 2 0
54 LN -1 -1 -1 -1.000000 1 0
55 LN -1 -1 -1 -1.000000 1 0
56 IN 57 58 3 90.185658 2 0
57 LN -1 -1 -1 -1.000000 1 0
58 LN -1 -1 -1 -1.000000 1 0
59 IN 60 71 3 89.180744 6 1
60 IN 61 62 0 1.979314 5 0
61 LN -1 -1 -1 -1.000000 1 1
62 IN 63 64 1 0.411789 4 0
63 LN -1 -1 -1 -1.000000 1 0
64 IN 65 68 1 0.571303 3 0
65 IN 66 67 2 100.685081 2 1
66 LN -1 -1 -1 -1.000000 1 0
67 LN -1 -1 -1 -1.000000 1 1
68 IN 69 70 2 101.650406 2 0
69 LN -1 -1 -1 -1.000000 1 0
70 LN -1 -1 -1 -1.000000 1 0
71 IN 72 83 1 0.481560 5 1
72 IN 73 78 2 99.063549 4 1
73 IN 74 75 1 0.130994 3 0
74 LN -1 -1 -1 -1.000000 1 1
75 IN 76 77 1 0.327960 2 0
76 LN -1 -1 -1 -1.000000 1 0
77 LN -1 -1 -1 -1.000000 1 1
78 IN 79 80 2 100.895290 3 1
79 LN -1 -1 -1 -1.000000 1 1
80 IN 81 82 3 93.525230 2 1
81 LN -1 -1 -1 -1.000000 1 1
82 LN -1 -1 -1 -1.000000 1 0
83 IN 84 89 4 10.002804 4 1
84 IN 85 88 2 102.000000 3 1
85 IN 86 87 4 5.273223 2 1
86 LN -1 -1 -1 -1.000000 1 0
87 LN -1 -1 -1 -1.000000 1 1
88 LN -1 -1 -1 -1.000000 1 0
89 LN -1 -1 -1 -1.000000 1 0
90 IN 91 106 1 2.466987 6 0
91 IN 92 99 1 1.567149 5 0
92 IN 93 94 2 101.486019 4 0
93 LN -1 -1 -1 -1.000000 1 0
94 IN 95 98 4 17.949358 3 0
95 IN 96 97 3 65.500000 2 0
96 LN -1 -1 -1 -1.000000 1 1
97 LN -1 -1 -1 -1.000000 1 0
98 LN -1 -1 -1 -1.000000 1 1
99 IN 100 105 2 91.354691 4 0
100 IN 101 102 1 1.614253 3 1
101 LN -1 -1 -1 -1.000000 1 1
102 IN 103 104 4 15.910080 2 0
103 LN -1 -1 -1 -1.000000 1 1
104 LN -1 -1 -1 -1.000000 1 0
105 LN -1 -1 -1 -1.000000 1 0
106 IN 107 110 3 79.000000 3 0
107 IN 108 109 3 72.363319 2 1
108 LN -1 -1 -1 -1.000000 1 0
109 LN -1 -1 -1 -1.000000 1 1
110 LN -1 -1 -1 -1.000000 1 0
111 IN 112 169 1 0.918867 8 1
112 IN 113 114 0 1.990288 7 1
113 LN -1 -1 -1 -1.000000 1 1
114 IN 115 140 3 117.359211 6 1
115 IN 116 125 1 0.343403 5 1
116 IN 117 118 1 0.048051 4 0
117 LN -1 -1 -1 -1.000000 1 0
118 IN 119 122 3 99.978168 3 0
119 IN 120 121 4 10.344838 2 1
120 LN -1 -1 -1 -1.000000 1 1
121 LN -1 -1 -1 -1.000000 1 0
122 IN 123 124 4 3.976004 2 0
123 LN -1 -1 -1 -1.000000 1 1
124 LN -1 -1 -1 -1.000000 1 0
125 IN 126 133 3 102.999500 4 1
126 IN 127 130 3 99.986454 3 1
127 IN 128 129 4 11.484651 2 1
128 LN -1 -1 -1 -1.000000 1 1
129 LN -1 -1 -1 -1.000000 1 0
130 IN 131 132 4 8.672171 2 1
131 LN -1 -1 -1 -1.000000 1 1
132 LN -1 -1 -1 -1.000000 1 0
133 IN 134 137 1 0.433357 3 0
134 IN 135 136 4 11.855000 2 1
135 LN -1 -1 -1 -1.000000 1 1
136 LN -1 -1 -1 -1.000000 1 1
137 IN 138 139 1 0.619086 2 0
138 LN -1 -1 -1 -1.000000 1 0
139 LN -1 -1 -1 -1.000000 1 1
140 IN 141 156 4 16.683945 5 1
141 IN 142 149 4 8.057617 4 1
142 IN 143 146 2 98.106342 3 1
143 IN 144 145 4 2.167164 2 1
144 LN -1 -1 -1 -1.000000 1 0
145 LN -1 -1 -1 -1.000000 1 1
146 IN 147 148 3 131.661896 2 1
147 LN -1 -1 -1 -1.000000 1 1
148 LN -1 -1 -1 -1.000000 1 1
149 IN 150 153 2 91.111267 3 1
150 IN 151 152 4 13.765128 2 0
151 LN -1 -1 -1 -1.000000 1 0
152 LN -1 -1 -1 -1.000000 1 1
153 IN 154 155 3 120.193836 2 1
154 LN -1 -1 -1 -1.000000 1 0
155 LN -1 -1 -1 -1.000000 1 1
156 IN 157 164 1 0.562063 4 0
157 IN 158 161 1 0.152343 3 0
158 IN 159 160 2 95.000000 2 0
159 LN -1 -1 -1 -1.000000 1 1
160 LN -1 -1 -1 -1.000000 1 0
161 IN 162 163 2 98.764839 2 0
162 LN -1 -1 -1 -1.000000 1 0
163 LN -1 -1 -1 -1.000000 1 0
164 IN 165 168 4 27.507842 3 0
165 IN 166 167 3 127.800087 2 1
166 LN -1 -1 -1 -1.000000 1 0
167 LN -1 -1 -1 -1.000000 1 1
168 LN -1 -1 -1 -1.000000 1 0
169 IN 170 197 1 1.872420 7 0
170 IN 171 172 0 1.975252 6 0
171 LN -1 -1 -1 -1.000000 1 1
172 IN 173 188 3 110.228428 5 0
173 IN 174 181 1 1.659545 4 0
174 IN 175 178 4 12.808784 3 0
175 IN 176 177 4 8.322300 2 0
176 LN -1 -1 -1 -1.000000 1 0
177 LN -1 -1 -1 -1.000000 1 0
178 IN 179 180 2 93.909283 2 0
179 LN -1 -1 -1 -1.000000 1 0
180 LN -1 -1 -1 -1.000000 1 0
181 IN 182 185 1 1.806897 3 1
182 IN 183 184 3 107.187077 2 1
183 LN -1 -1 -1 -1.000000 1 1
184 LN -1 -1 -1 -1.000000 1 1
185 IN 186 187 4 10.395000 2 0
186 LN -1 -1 -1 -1.000000 1 0
187 LN -1 -1 -1 -1.000000 1 0
188 IN 189 190 1 0.939483 4 0
189 LN -1 -1 -1 -1.000000 1 0
190 IN 191 194 1 1.145738 3 1
191 IN 192 193 1 0.974725 2 1
192 LN -1 -1 -1 -1.000000 1 0
193 LN -1 -1 -1 -1.000000 1 1
194 IN 195 196 4 17.879441 2 0
195 LN -1 -1 -1 -1.000000 1 0
196 LN -1 -1 -1 -1.000000 1 0
197 IN 198 199 1 2.482976 4 0
198 LN -1 -1 -1 -1.000000 1 0
199 IN 200 203 1 2.794362 3 0
200 IN 201 202 3 126.029072 2 1
201 LN -1 -1 -1 -1.000000 1 1
202 LN -1 -1 -1 -1.000000 1 0
203 LN -1 -1 -1 -1.000000 1 0
204 IN 205 264 3 140.018799 10 1
205 IN 206 251 4 18.295539 9 1
206 IN 207 208 2 104.974655 8 1
207 LN -1 -1 -1 -1.000000 1 1
208 IN 209 220 0 1.002260 7 1
209 IN 210 215 4 5.935000 4 0
210 IN 211 214 1 0.516634 3 0
211 IN 212 213 3 89.500000 2 1
212 LN -1 -1 -1 -1.000000 1 0
213 LN -1 -1 -1 -1.000000 1 1
214 LN -1 -1 -1 -1.000000 1 0
215 IN 216 217 3 129.500000 3 0
216 LN -1 -1 -1 -1.000000 1 0
217 IN 218 219 4 9.710000 2 0
218 LN -1 -1 -1 -1.000000 1 1
219 LN -1 -1 -1 -1.000000 1 0
220 IN 221 240 4 9.878694 6 1
221 IN 222 231 3 111.823299 5 1
222 IN 223 230 4 9.070000 4 1
223 IN 224 227 4 5.573317 3 1
224 IN 225 226 3 99.764702 2 1
225 LN -1 -1 -1 -1.000000 1 0
226 LN -1 -1 -1 -1.000000 1 1
227 IN 228 229 1 0.590925 2 1
228 LN -1 -1 -1 -1.000000 1 0
229 LN -1 -1 -1 -1.000000 1 1
230 LN -1 -1 -1 -1.000000 1 1
231 IN 232 233 0 1.970619 4 1
232 LN -1 -1 -1 -1.000000 1 1
233 IN 234 237 1 0.988537 3 0
234 IN 235 236 2 110.843376 2 0
235 LN -1 -1 -1 -1.000000 1 0
236 LN -1 -1 -1 -1.000000 1 0
237 IN 238 239 4 5.293010 2 1
238 LN -1 -1 -1 -1.000000 1 0
239 LN -1 -1 -1 -1.000000 1 1
240 IN 241 242 2 105.093597 5 1
241 LN -1 -1 -1 -1.000000 1 0
242 IN 243 244 4 10.666000 4 1
243 LN -1 -1 -1 -1.000000 1 0
244 IN 245 248 1 0.121430 3 1
245 IN 246 247 2 119.500000 2 0
246 LN -1 -1 -1 -1.000000 1 0
247 LN -1 -1 -1 -1.000000 1 1
248 IN 249 250 1 0.549671 2 1
249 LN -1 -1 -1 -1.000000 1 1
250 LN -1 -1 -1 -1.000000 1 1
251 IN 252 253 1 0.130994 7 0
252 LN -1 -1 -1 -1.000000 1 1
253 IN 254 263 4 23.009999 6 0
254 IN 255 262 4 22.297156 5 0
255 IN 256 257 2 104.888065 4 0
256 LN -1 -1 -1 -1.000000 1 1
257 IN 258 261 1 0.913821 3 0
258 IN 259 260 1 0.832867 2 0
259 LN -1 -1 -1 -1.000000 1 0
260 LN -1 -1 -1 -1.000000 1 1
261 LN -1 -1 -1 -1.000000 1 0
262 LN -1 -1 -1 -1.000000 1 1
263 LN -1 -1 -1 -1.000000 1 0
264 IN 265 304 1 1.352105 9 1
265 IN 266 303 2 134.556229 8 1
266 IN 267 282 1 0.200623 7 1
267 IN 268 279 1 0.191563 6 1
268 IN 269 272 4 12.715000 5 1
269 IN 270 271 4 6.640861 2 0
270 LN -1 -1 -1 -1.000000 1 1
271 LN -1 -1 -1 -1.000000 1 0
272 IN 273 278 2 127.000000 4 1
273 IN 274 275 3 186.500000 3 1
274 LN -1 -1 -1 -1.000000 1 1
275 IN 276 277 2 116.079685 2 1
276 LN -1 -1 -1 -1.000000 1 0
277 LN -1 -1 -1 -1.000000 1 1
278 LN -1 -1 -1 -1.000000 1 0
279 IN 280 281 2 108.000000 2 0
280 LN -1 -1 -1 -1.000000 1 1
281 LN -1 -1 -1 -1.000000 1 0
282 IN 283 290 1 0.263162 6 1
283 IN 284 289 1 0.259291 4 1
284 IN 285 288 3 144.897713 3 1
285 IN 286 287 1 0.254712 2 1
286 LN -1 -1 -1 -1.000000 1 1
287 LN -1 -1 -1 -1.000000 1 0
288 LN -1 -1 -1 -1.000000 1 1
289 LN -1 -1 -1 -1.000000 1 0
290 IN 291 292 1 0.512699 5 1
291 LN -1 -1 -1 -1.000000 1 1
292 IN 293 296 1 0.518395 4 1
293 IN 294 295 4 10.055000 2 0
294 LN -1 -1 -1 -1.000000 1 1
295 LN -1 -1 -1 -1.000000 1 0
296 IN 297 300 2 106.039772 3 1
297 IN 298 299 3 174.823944 2 1
298 LN -1 -1 -1 -1.000000 1 1
299 LN -1 -1 -1 -1.000000 1 0
300 IN 301 302 3 170.486237 2 1
301 LN -1 -1 -1 -1.000000 1 1
302 LN -1 -1 -1 -1.000000 1 1
303 LN -1 -1 -1 -1.000000 1 0
304 IN 305 316 4 33.591808 6 0
305 IN 306 309 2 115.000000 5 0
306 IN 307 308 4 10.240000 2 0
307 LN -1 -1 -1 -1.000000 1 1
308 LN -1 -1 -1 -1.000000 1 0
309 IN 310 311 1 1.668215 4 1
310 LN -1 -1 -1 -1.000000 1 1
311 IN 312 313 0 1.452494 3 0
312 LN -1 -1 -1 -1.000000 1 0
313 IN 314 315 4 18.957791 2 1
314 LN -1 -1 -1 -1.000000 1 1
315 LN -1 -1 -1 -1.000000 1 0
316 LN -1 -1 -1 -1.000000 1 1

[TREE 1]
NB_NODES: 309
0 IN 1 140 3 98.078320 11 1
1 IN 2 75 2 98.116879 10 0
2 IN 3 4 0 1.301310 9 0
3 LN -1 -1 -1 -1.000000 1 0
4 IN 5 12 3 67.500000 8 0
5 IN 6 11 4 6.386735 4 0
6 IN 7 8 4 5.479075 3 0
7 LN -1 -1 -1 -1.000000 1 0
8 IN 9 10 2 85.529572 2 1
9 LN -1 -1 -1 -1.000000 1 0
10 LN -1 -1 -1 -1.000000 1 1
11 LN -1 -1 -1 -1.000000 1 0
12 IN 13 46 4 4.875000 7 0
13 IN 14 33 3 80.915043 6 0
14 IN 15 26 1 0.903250 5 1
15 IN 16 21 3 76.052761 4 1
16 IN 17 18 4 3.813127 3 1
17 LN -1 -1 -1 -1.000000 1 0
18 IN 19 20 4 4.448715 2 1
19 LN -1 -1 -1 -1.000000 1 1
20 LN -1 -1 -1 -1.000000 1 0
21 IN 22 23 3 79.863586 3 1
22 LN -1 -1 -1 -1.000000 1 1
23 IN 24 25 3 80.014683 2 1
24 LN -1 -1 -1 -1.000000 1 0
25 LN -1 -1 -1 -1.000000 1 1
26 IN 27 32 4 4.425000 4 0
27 IN 28 31 3 78.520103 3 0
28 IN 29 30 1 0.929496 2 0
29 LN -1 -1 -1 -1.000000 1 0
30 LN -1 -1 -1 -1.000000 1 0
31 LN -1 -1 -1 -1.000000 1 1
32 LN -1 -1 -1 -1.000000 1 1
33 IN 34 35 3 90.237247 5 0
34 LN -1 -1 -1 -1.000000 1 0
35 IN 36 41 1 0.592511 4 0
36 IN 37 38 3 93.050217 3 1
37 LN -1 -1 -1 -1.000000 1 1
38 IN 39 40 3 94.500000 2 0
39 LN -1 -1 -1 -1.000000 1 0
40 LN -1 -1 -1 -1.000000 1 0
41 IN 42 43 0 1.801310 3 0
42 LN -1 -1 -1 -1.000000 1 1
43 IN 44 45 4 1.358886 2 0
44 LN -1 -1 -1 -1.000000 1 1
45 LN -1 -1 -1 -1.000000 1 0
46 IN 47 64 3 96.001461 6 0
47 IN 48 63 3 92.611809 5 0
48 IN 49 56 3 90.000938 4 0
49 IN 50 53 2 89.804184 3 0
50 IN 51 52 3 68.775612 2 0
51 LN -1 -1 -1 -1.000000 1 1
52 LN -1 -1 -1 -1.000000 1 0
53 IN 54 55 1 1.122442 2 0
54 LN -1 -1 -1 -1.000000 1 0
55 LN -1 -1 -1 -1.000000 1 0
56 IN 57 60 3 91.500000 3 1
57 IN 58 59 4 8.305000 2 1
58 LN -1 -1 -1 -1.000000 1 1
59 LN -1 -1 -1 -1.000000 1 0
60 IN 61 62 3 92.111809 2 0
61 LN -1 -1 -1 -1.000000 1 0
62 LN -1 -1 -1 -1.000000 1 1
63 LN -1 -1 -1 -1.000000 1 0
64 IN 65 74 4 11.198286 5 0
65 IN 66 67 4 5.140000 4 1
66 LN -1 -1 -1 -1.000000 1 0
67 IN 68 71 2 87.262146 3 1
68 IN 69 70 1 0.184725 2 0
69 LN -1 -1 -1 -1.000000 1 1
70 LN -1 -1 -1 -1.000000 1 0
71 IN 72 73 3 97.975712 2 1
72 LN -1 -1 -1 -1.000000 1 1
73 LN -1 -1 -1 -1.000000 1 0
74 LN -1 -1 -1 -1.000000 1 0
75 IN 76 137 4 18.922727 9 0
76 IN 77 94 0 1.001832 8 0
77 IN 78 83 2 99.500000 5 0
78 IN 79 80 3 90.500000 3 0
79 LN -1 -1 -1 -1.000000 1 0
80 IN 81 82 1 0.686636 2 1
81 LN -1 -1 -1 -1.000000 1 0
82 LN -1 -1 -1 -1.000000 1 1
83 IN 84 89 3 57.000000 4 0
84 IN 85 86 1 0.160439 3 0
85 LN -1 -1 -1 -1.000000 1 0
86 IN 87 88 3 54.000000 2 0
87 LN -1 -1 -1 -1.000000 1 0
88 LN -1 -1 -1 -1.000000 1 1
89 IN 90 93 1 0.540920 3 0
90 IN 91 92 1 0.524729 2 0
91 LN -1 -1 -1 -1.000000 1 0
92 LN -1 -1 -1 -1.000000 1 1
93 LN -1 -1 -1 -1.000000 1 0
94 IN 95 102 4 5.115000 7 1
95 IN 96 97 3 94.969227 4 0
96 LN -1 -1 -1 -1.000000 1 0
97 IN 98 101 3 97.641960 3 1
98 IN 99 100 4 3.951700 2 1
99 LN -1 -1 -1 -1.000000 1 0
100 LN -1 -1 -1 -1.000000 1 1
101 LN -1 -1 -1 -1.000000 1 0
102 IN 103 124 1 0.484096 6 1
103 IN 104 117 1 0.355590 5 1
104 IN 105 112 3 88.069515 4 1
105 IN 106 109 3 72.500000 3 0
106 IN 107 108 4 8.044661 2 1
107 LN -1 -1 -1 -1.000000 1 0
108 LN -1 -1 -1 -1.000000 1 1
109 IN 110 111 2 111.426098 2 0
110 LN -1 -1 -1 -1.000000 1 0
111 LN -1 -1 -1 -1.000000 1 0
112 IN 113 116 1 0.340992 3 1
113 IN 114 115 3 95.829056 2 1
114 LN -1 -1 -1 -1.000000 1 1
115 LN -1 -1 -1 -1.000000 1 0
116 LN -1 -1 -1 -1.000000 1 0
117 IN 118 119 4 5.324165 4 1
118 LN -1 -1 -1 -1.000000 1 0
119 IN 120 123 4 8.160449 3 1
120 IN 121 122 3 73.411556 2 1
121 LN -1 -1 -1 -1.000000 1 0
122 LN -1 -1 -1 -1.000000 1 1
123 LN -1 -1 -1 -1.000000 1 1
124 IN 125 126 0 1.987082 5 0
125 LN -1 -1 -1 -1.000000 1 1
126 IN 127 132 2 108.133942 4 0
127 IN 128 129 3 63.102219 3 0
128 LN -1 -1 -1 -1.000000 1 1
129 IN 130 131 2 100.862728 2 0
130 LN -1 -1 -1 -1.000000 1 1
131 LN -1 -1 -1 -1.000000 1 0
132 IN 133 134 1 1.132127 3 1
133 LN -1 -1 -1 -1.000000 1 1
134 IN 135 136 4 13.929995 2 1
135 LN -1 -1 -1 -1.000000 1 0
136 LN -1 -1 -1 -1.000000 1 1
137 IN 138 139 2 107.239532 2 0
138 LN -1 -1 -1 -1.000000 1 0
139 LN -1 -1 -1 -1.000000 1 1
140 IN 141 266 1 1.163670 10 1
141 IN 142 179 0 1.002260 9 1
142 IN 143 170 2 115.021301 8 0
143 IN 144 157 3 131.000000 7 0
144 IN 145 154 4 20.725000 6 0
145 IN 146 153 2 94.500000 5 0
146 IN 147 152 3 110.500000 4 0
147 IN 148 151 3 109.261143 3 0
148 IN 149 150 2 91.500000 2 0
149 LN -1 -1 -1 -1.000000 1 0
150 LN -1 -1 -1 -1.000000 1 0
151 LN -1 -1 -1 -1.000000 1 1
152 LN -1 -1 -1 -1.000000 1 0
153 LN -1 -1 -1 -1.000000 1 0
154 IN 155 156 3 112.000000 2 1
155 LN -1 -1 -1 -1.000000 1 0
156 LN -1 -1 -1 -1.000000 1 1
157 IN 158 169 2 102.500000 6 0
158 IN 159 168 3 208.000000 5 0
159 IN 160 163 1 0.607151 4 0
160 IN 161 162 4 18.835000 2 0
161 LN -1 -1 -1 -1.000000 1 0
162 LN -1 -1 -1 -1.000000 1 1
163 IN 164 165 2 98.000000 3 1
164 LN -1 -1 -1 -1.000000 1 1
165 IN 166 167 1 0.649096 2 0
166 LN -1 -1 -1 -1.000000 1 1
167 LN -1 -1 -1 -1.000000 1 0
168 LN -1 -1 -1 -1.000000 1 0
169 LN -1 -1 -1 -1.000000 1 0
170 IN 171 172 2 116.954151 5 0
171 LN -1 -1 -1 -1.000000 1 1
172 IN 173 174 4 5.800000 4 0
173 LN -1 -1 -1 -1.000000 1 0
174 IN 175 176 1 0.187661 3 0
175 LN -1 -1 -1 -1.000000 1 0
176 IN 177 178 1 0.524729 2 0
177 LN -1 -1 -1 -1.000000 1 1
178 LN -1 -1 -1 -1.000000 1 0
179 IN 180 181 0 1.993643 8 1
180 LN -1 -1 -1 -1.000000 1 1
181 IN 182 209 1 0.066305 7 1
182 IN 183 202 3 191.313728 6 0
183 IN 184 191 4 6.415000 5 0
184 IN 185 190 3 146.472153 4 0
185 IN 186 189 1 0.062811 3 0
186 IN 187 188 1 0.032381 2 0
187 LN -1 -1 -1 -1.000000 1 0
188 LN -1 -1 -1 -1.000000 1 1
189 LN -1 -1 -1 -1.000000 1 0
190 LN -1 -1 -1 -1.000000 1 1
191 IN 192 197 2 99.500000 4 0
192 IN 193 196 4 9.285000 3 0
193 IN 194 195 1 0.017659 2 0
194 LN -1 -1 -1 -1.000000 1 1
195 LN -1 -1 -1 -1.000000 1 0
196 LN -1 -1 -1 -1.000000 1 0
197 IN 198 201 4 17.290000 3 0
198 IN 199 200 2 101.488396 2 0
199 LN -1 -1 -1 -1.000000 1 1
200 LN -1 -1 -1 -1.000000 1 0
201 LN -1 -1 -1 -1.000000 1 1
202 IN 203 208 2 105.004848 4 1
203 IN 204 205 1 0.032381 3 1
204 LN -1 -1 -1 -1.000000 1 1
205 IN 206 207 4 8.695133 2 0
206 LN -1 -1 -1 -1.000000 1 0
207 LN -1 -1 -1 -1.000000 1 1
208 LN -1 -1 -1 -1.000000 1 1
209 IN 210 235 2 98.057873 6 1
210 IN 211 222 4 7.610538 5 1
211 IN 212 217 3 161.226791 4 1
212 IN 213 216 3 154.585464 3 1
213 IN 214 215 1 1.017384 2 1
214 LN -1 -1 -1 -1.000000 1 1
215 LN -1 -1 -1 -1.000000 1 0
216 LN -1 -1 -1 -1.000000 1 0
217 IN 218 221 3 203.379463 3 1
218 IN 219 220 2 91.445789 2 1
219 LN -1 -1 -1 -1.000000 1 1
220 LN -1 -1 -1 -1.000000 1 1
221 LN -1 -1 -1 -1.000000 1 0
222 IN 223 230 4 16.913750 4 0
223 IN 224 227 1 0.433277 3 0
224 IN 225 226 1 0.357663 2 1
225 LN -1 -1 -1 -1.000000 1 1
226 LN -1 -1 -1 -1.000000 1 1
227 IN 228 229 1 0.585168 2 0
228 LN -1 -1 -1 -1.000000 1 0
229 LN -1 -1 -1 -1.000000 1 0
230 IN 231 234 1 0.142460 3 0
231 IN 232 233 1 0.124801 2 0
232 LN -1 -1 -1 -1.000000 1 0
233 LN -1 -1 -1 -1.000000 1 1
234 LN -1 -1 -1 -1.000000 1 0
235 IN 236 251 4 10.017450 5 1
236 IN 237 244 4 7.503446 4 1
237 IN 238 241 4 2.923806 3 1
238 IN 239 240 4 2.582412 2 1
239 LN -1 -1 -1 -1.000000 1 1
240 LN -1 -1 -1 -1.000000 1 0
241 IN 242 243 2 99.032261 2 1
242 LN -1 -1 -1 -1.000000 1 1
243 LN -1 -1 -1 -1.000000 1 1
244 IN 245 248 1 0.437149 3 1
245 IN 246 247 3 100.065628 2 1
246 LN -1 -1 -1 -1.000000 1 0
247 LN -1 -1 -1 -1.000000 1 1
248 IN 249 250 2 116.781792 2 1
249 LN -1 -1 -1 -1.000000 1 1
250 LN -1 -1 -1 -1.000000 1 0
251 IN 252 259 1 0.785248 4 1
252 IN 253 256 3 133.424065 3 1
253 IN 254 255 2 107.930424 2 1
254 LN -1 -1 -1 -1.000000 1 1
255 LN -1 -1 -1 -1.000000 1 0
256 IN 257 258 2 127.000000 2 1
257 LN -1 -1 -1 -1.000000 1 1
258 LN -1 -1 -1 -1.000000 1 0
259 IN 260 263 2 115.331627 3 0
260 IN 261 262 3 149.180122 2 0
261 LN -1 -1 -1 -1.000000 1 0
262 LN -1 -1 -1 -1.000000 1 1
263 IN 264 265 3 130.611351 2 1
264 LN -1 -1 -1 -1.000000 1 0
265 LN -1 -1 -1 -1.000000 1 1
266 IN 267 308 4 34.497101 9 0
267 IN 268 275 0 1.008931 8 0
268 IN 269 274 2 129.000000 4 0
269 IN 270 271 3 150.500000 3 0
270 LN -1 -1 -1 -1.000000 1 0
271 IN 272 273 4 13.830000 2 0
272 LN -1 -1 -1 -1.000000 1 1
273 LN -1 -1 -1 -1.000000 1 0
274 LN -1 -1 -1 -1.000000 1 1
275 IN 276 277 3 101.264702 7 0
276 LN -1 -1 -1 -1.000000 1 0
277 IN 278 295 4 18.295539 6 0
278 IN 279 280 0 1.991156 5 0
279 LN -1 -1 -1 -1.000000 1 1
280 IN 281 288 4 11.664849 4 0
281 IN 282 285 2 102.500000 3 0
282 IN 283 284 1 1.506860 2 0
283 LN -1 -1 -1 -1.000000 1 0
284 LN -1 -1 -1 -1.000000 1 0
285 IN 286 287 2 109.715042 2 1
286 LN -1 -1 -1 -1.000000 1 1
287 LN -1 -1 -1 -1.000000 1 0
288 IN 289 292 3 125.422394 3 1
289 IN 290 291 1 3.029127 2 1
290 LN -1 -1 -1 -1.000000 1 1
291 LN -1 -1 -1 -1.000000 1 0
292 IN 293 294 3 137.960876 2 0
293 LN -1 -1 -1 -1.000000 1 0
294 LN -1 -1 -1 -1.000000 1 1
295 IN 296 303 1 1.385772 5 0
296 IN 297 302 4 27.600000 4 0
297 IN 298 299 3 142.877625 3 0
298 LN -1 -1 -1 -1.000000 1 0
299 IN 300 301 3 171.377625 2 0
300 LN -1 -1 -1 -1.000000 1 1
301 LN -1 -1 -1 -1.000000 1 0
302 LN -1 -1 -1 -1.000000 1 1
303 IN 304 305 2 119.706066 3 0
304 LN -1 -1 -1 -1.000000 1 0
305 IN 306 307 1 1.684405 2 0
306 LN -1 -1 -1 -1.000000 1 1
307 LN -1 -1 -1 -1.000000 1 0
308 LN -1 -1 -1 -1.000000 1 1

[TREE 2]
NB_NODES: 361
0 IN 1 192 3 118.062870 11 1
1 IN 2 127 4 12.505000 10 0
2 IN 3 30 0 1.002260 9 0
3 IN 4 5 3 86.500000 8 0
4 LN -1 -1 -1 -1.000000 1 0
5 IN 6 7 1 0.192820 7 0
6 LN -1 -1 -1 -1.000000 1 0
7 IN 8 9 3 87.500000 6 0
8 LN -1 -1 -1 -1.000000 1 1
9 IN 10 17 3 100.500000 5 0
10 IN 11 16 3 91.500000 4 0
11 IN 12 13 1 0.671913 3 0
12 LN -1 -1 -1 -1.000000 1 0
13 IN 14 15 4 8.685000 2 0
14 LN -1 -1 -1 -1.000000 1 0
15 LN -1 -1 -1 -1.000000 1 0
16 LN -1 -1 -1 -1.000000 1 0
17 IN 18 23 3 102.500000 4 0
18 IN 19 22 1 0.760962 3 0
19 IN 20 21 1 0.259051 2 1
20 LN -1 -1 -1 -1.000000 1 0
21 LN -1 -1 -1 -1.000000 1 1
22 LN -1 -1 -1 -1.000000 1 0
23 IN 24 27 1 0.259671 3 0
24 IN 25 26 3 109.261143 2 0
25 LN -1 -1 -1 -1.000000 1 0
26 LN -1 -1 -1 -1.000000 1 1
27 IN 28 29 1 0.719017 2 0
28 LN -1 -1 -1 -1.000000 1 0
29 LN -1 -1 -1 -1.000000 1 0
30 IN 31 80 1 0.677997 8 0
31 IN 32 59 2 101.182350 7 1
32 IN 33 34 2 80.500000 6 1
33 LN -1 -1 -1 -1.000000 1 0
34 IN 35 48 3 89.051609 5 1
35 IN 36 41 4 5.039308 4 0
36 IN 37 40 2 97.470634 3 1
37 IN 38 39 4 2.990000 2 1
38 LN -1 -1 -1 -1.000000 1 0
39 LN -1 -1 -1 -1.000000 1 1
40 LN -1 -1 -1 -1.000000 1 0
41 IN 42 45 2 89.815105 3 0
42 IN 43 44 4 5.405000 2 0
43 LN -1 -1 -1 -1.000000 1 1
44 LN -1 -1 -1 -1.000000 1 0
45 IN 46 47 3 55.694452 2 0
46 LN -1 -1 -1 -1.000000 1 1
47 LN -1 -1 -1 -1.000000 1 0
48 IN 49 54 1 0.115342 4 1
49 IN 50 53 2 98.367756 3 0
50 IN 51 52 3 90.552067 2 0
51 LN -1 -1 -1 -1.000000 1 1
52 LN -1 -1 -1 -1.000000 1 0
53 LN -1 -1 -1 -1.000000 1 1
54 IN 55 56 0 1.975079 3 1
55 LN -1 -1 -1 -1.000000 1 1
56 IN 57 58 3 91.500000 2 1
57 LN -1 -1 -1 -1.000000 1 1
58 LN -1 -1 -1 -1.000000 1 1
59 IN 60 61 3 53.637560 6 1
60 LN -1 -1 -1 -1.000000 1 0
61 IN 62 73 2 106.757946 5 1
62 IN 63 68 1 0.210172 4 1
63 IN 64 67 2 104.632492 3 1
64 IN 65 66 3 86.500000 2 1
65 LN -1 -1 -1 -1.000000 1 0
66 LN -1 -1 -1 -1.000000 1 1
67 LN -1 -1 -1 -1.000000 1 0
68 IN 69 72 1 0.584911 3 1
69 IN 70 71 3 110.358192 2 1
70 LN -1 -1 -1 -1.000000 1 1
71 LN -1 -1 -1 -1.000000 1 0
72 LN -1 -1 -1 -1.000000 1 1
73 IN 74 75 0 1.970619 4 1
74 LN -1 -1 -1 -1.000000 1 1
75 IN 76 77 2 107.014366 3 1
76 LN -1 -1 -1 -1.000000 1 0
77 IN 78 79 3 106.855453 2 1
78 LN -1 -1 -1 -1.000000 1 1
79 LN -1 -1 -1 -1.000000 1 0
80 IN 81 106 3 94.497761 7 0
81 IN 82 93 1 1.380231 6 0
82 IN 83 84 4 2.885000 5 0
83 LN -1 -1 -1 -1.000000 1 0
84 IN 85 86 4 3.135652 4 0
85 LN -1 -1 -1 -1.000000 1 1
86 IN 87 90 1 0.917388 3 0
87 IN 88 89 4 7.838214 2 0
88 LN -1 -1 -1 -1.000000 1 0
89 LN -1 -1 -1 -1.000000 1 0
90 IN 91 92 4 8.606684 2 0
91 LN -1 -1 -1 -1.000000 1 0
92 LN -1 -1 -1 -1.000000 1 0
93 IN 94 99 2 92.878868 5 0
94 IN 95 96 4 8.367305 3 0
95 LN -1 -1 -1 -1.000000 1 0
96 IN 97 98 4 10.422305 2 1
97 LN -1 -1 -1 -1.000000 1 1
98 LN -1 -1 -1 -1.000000 1 0
99 IN 100 105 3 87.500000 4 1
100 IN 101 102 1 1.460095 3 1
101 LN -1 -1 -1 -1.000000 1 1
102 IN 103 104 1 1.546211 2 0
103 LN -1 -1 -1 -1.000000 1 0
104 LN -1 -1 -1 -1.000000 1 0
105 LN -1 -1 -1 -1.000000 1 1
106 IN 107 126 3 114.500000 6 0
107 IN 108 119 1 1.416685 5 0
108 IN 109 114 2 87.088554 4 1
109 IN 110 111 3 96.658131 3 0
110 LN -1 -1 -1 -1.000000 1 1
111 IN 112 113 4 3.640000 2 0
112 LN -1 -1 -1 -1.000000 1 0
113 LN -1 -1 -1 -1.000000 1 0
114 IN 115 116 0 1.965373 3 1
115 LN -1 -1 -1 -1.000000 1 1
116 IN 117 118 1 0.763345 2 1
117 LN -1 -1 -1 -1.000000 1 0
118 LN -1 -1 -1 -1.000000 1 1
119 IN 120 125 2 104.474655 4 0
120 IN 121 122 0 1.975252 3 0
121 LN -1 -1 -1 -1.000000 1 1
122 IN 123 124 4 6.830000 2 0
123 LN -1 -1 -1 -1.000000 1 0
124 LN -1 -1 -1 -1.000000 1 0
125 LN -1 -1 -1 -1.000000 1 1
126 LN -1 -1 -1 -1.000000 1 0
127 IN 128 165 3 103.303093 9 0
128 IN 129 164 4 23.270000 8 0
129 IN 130 151 3 92.535099 7 0
130 IN 131 142 2 107.422710 6 0
131 IN 132 137 1 1.585921 4 0
132 IN 133 136 3 57.965673 3 0
133 IN 134 135 4 14.363542 2 0
134 LN -1 -1 -1 -1.000000 1 1
135 LN -1 -1 -1 -1.000000 1 0
136 LN -1 -1 -1 -1.000000 1 0
137 IN 138 139 2 84.199451 3 0
138 LN -1 -1 -1 -1.000000 1 1
139 IN 140 141 1 1.614253 2 0
140 LN -1 -1 -1 -1.000000 1 1
141 LN -1 -1 -1 -1.000000 1 0
142 IN 143 150 2 121.645485 5 1
143 IN 144 149 4 14.598291 4 1
144 IN 145 148 3 88.000000 3 1
145 IN 146 147 3 75.385376 2 0
146 LN -1 -1 -1 -1.000000 1 1
147 LN -1 -1 -1 -1.000000 1 0
148 LN -1 -1 -1 -1.000000 1 1
149 LN -1 -1 -1 -1.000000 1 1
150 LN -1 -1 -1 -1.000000 1 0
151 IN 152 163 3 98.500000 6 0
152 IN 153 154 4 17.889359 5 0
153 LN -1 -1 -1 -1.000000 1 0
154 IN 155 158 4 18.618810 4 0
155 IN 156 157 1 1.822912 2 1
156 LN -1 -1 -1 -1.000000 1 1
157 LN -1 -1 -1 -1.000000 1 0
158 IN 159 162 1 0.503380 3 0
159 IN 160 161 3 96.000000 2 0
160 LN -1 -1 -1 -1.000000 1 0
161 LN -1 -1 -1 -1.000000 1 1
162 LN -1 -1 -1 -1.000000 1 0
163 LN -1 -1 -1 -1.000000 1 0
164 LN -1 -1 -1 -1.000000 1 0
165 IN 166 191 4 18.680228 8 0
166 IN 167 190 4 18.409045 7 0
167 IN 168 183 2 104.079464 6 0
168 IN 169 176 2 91.897209 5 0
169 IN 170 171 2 89.043213 4 1
170 LN -1 -1 -1 -1.000000 1 0
171 IN 172 175 3 116.627602 3 1
172 IN 173 174 2 90.948112 2 1
173 LN -1 -1 -1 -1.000000 1 1
174 LN -1 -1 -1 -1.000000 1 1
175 LN -1 -1 -1 -1.000000 1 0
176 IN 177 178 4 12.628451 4 0
177 LN -1 -1 -1 -1.000000 1 1
178 IN 179 180 3 103.803093 3 0
179 LN -1 -1 -1 -1.000000 1 1
180 IN 181 182 4 13.360000 2 0
181 LN -1 -1 -1 -1.000000 1 0
182 LN -1 -1 -1 -1.000000 1 0
183 IN 184 185 1 0.145716 4 1
184 LN -1 -1 -1 -1.000000 1 0
185 IN 186 187 3 109.000385 3 1
186 LN -1 -1 -1 -1.000000 1 1
187 IN 188 189 4 14.630000 2 1
188 LN -1 -1 -1 -1.000000 1 0
189 LN -1 -1 -1 -1.000000 1 1
190 LN -1 -1 -1 -1.000000 1 1
191 LN -1 -1 -1 -1.000000 1 0
192 IN 193 244 2 92.068249 10 1
193 IN 194 227 3 141.500000 9 0
194 IN 195 204 2 88.919655 8 1
195 IN 196 197 2 81.000000 4 1
196 LN -1 -1 -1 -1.000000 1 0
197 IN 198 201 4 6.596561 3 1
198 IN 199 200 1 1.327097 2 1
199 LN -1 -1 -1 -1.000000 1 1
200 LN -1 -1 -1 -1.000000 1 0
201 IN 202 203 4 14.345128 2 0
202 LN -1 -1 -1 -1.000000 1 0
203 LN -1 -1 -1 -1.000000 1 1
204 IN 205 226 4 14.645000 7 0
205 IN 206 217 2 91.122925 6 0
206 IN 207 216 4 12.953476 5 0
207 IN 208 213 1 0.875939 4 0
208 IN 209 212 4 4.723599 3 0
209 IN 210 211 3 125.861050 2 0
210 LN -1 -1 -1 -1.000000 1 1
211 LN -1 -1 -1 -1.000000 1 0
212 LN -1 -1 -1 -1.000000 1 0
213 IN 214 215 1 0.948797 2 0
214 LN -1 -1 -1 -1.000000 1 1
215 LN -1 -1 -1 -1.000000 1 0
216 LN -1 -1 -1 -1.000000 1 1
217 IN 218 225 1 1.303350 5 0
218 IN 219 224 3 136.342194 4 1
219 IN 220 223 1 1.052395 3 1
220 IN 221 222 3 129.020081 2 0
221 LN -1 -1 -1 -1.000000 1 0
222 LN -1 -1 -1 -1.000000 1 1
223 LN -1 -1 -1 -1.000000 1 1
224 LN -1 -1 -1 -1.000000 1 1
225 LN -1 -1 -1 -1.000000 1 0
226 LN -1 -1 -1 -1.000000 1 0
227 IN 228 235 1 0.635102 6 0
228 IN 229 234 4 4.353291 4 0
229 IN 230 233 1 0.500090 3 0
230 IN 231 232 4 2.928256 2 1
231 LN -1 -1 -1 -1.000000 1 0
232 LN -1 -1 -1 -1.000000 1 1
233 LN -1 -1 -1 -1.000000 1 0
234 LN -1 -1 -1 -1.000000 1 0
235 IN 236 237 3 160.500000 5 0
236 LN -1 -1 -1 -1.000000 1 0
237 IN 238 243 4 7.550156 4 1
238 IN 239 242 4 4.865000 3 1
239 IN 240 241 3 170.210312 2 1
240 LN -1 -1 -1 -1.000000 1 0
241 LN -1 -1 -1 -1.000000 1 1
242 LN -1 -1 -1 -1.000000 1 1
243 LN -1 -1 -1 -1.000000 1 0
244 IN 245 308 3 138.045647 9 1
245 IN 246 263 0 1.003792 8 1
246 IN 247 250 1 0.137621 6 0
247 IN 248 249 4 15.935000 2 1
248 LN -1 -1 -1 -1.000000 1 0
249 LN -1 -1 -1 -1.000000 1 1
250 IN 251 258 1 1.206206 5 0
251 IN 252 253 3 129.500000 4 0
252 LN -1 -1 -1 -1.000000 1 0
253 IN 254 257 4 8.710000 3 0
254 IN 255 256 2 114.000000 2 0
255 LN -1 -1 -1 -1.000000 1 0
256 LN -1 -1 -1 -1.000000 1 1
257 LN -1 -1 -1 -1.000000 1 0
258 IN 259 262 4 5.030000 3 0
259 IN 260 261 4 4.010000 2 0
260 LN -1 -1 -1 -1.000000 1 0
261 LN -1 -1 -1 -1.000000 1 1
262 LN -1 -1 -1 -1.000000 1 0
263 IN 264 281 4 12.668398 7 1
264 IN 265 266 1 0.047606 6 1
265 LN -1 -1 -1 -1.000000 1 0
266 IN 267 280 2 119.500000 5 1
267 IN 268 275 1 1.150269 4 1
268 IN 269 272 2 104.938332 3 1
269 IN 270 271 4 5.048908 2 1
270 LN -1 -1 -1 -1.000000 1 1
271 LN -1 -1 -1 -1.000000 1 1
272 IN 273 274 0 1.991310 2 1
273 LN -1 -1 -1 -1.000000 1 1
274 LN -1 -1 -1 -1.000000 1 0
275 IN 276 279 4 10.870165 3 1
276 IN 277 278 1 1.236561 2 0
277 LN -1 -1 -1 -1.000000 1 0
278 LN -1 -1 -1 -1.000000 1 1
279 LN -1 -1 -1 -1.000000 1 1
280 LN -1 -1 -1 -1.000000 1 0
281 IN 282 299 1 0.830272 6 0
282 IN 283 292 3 133.006424 5 0
283 IN 284 285 0 1.905825 4 0
284 LN -1 -1 -1 -1.000000 1 1
285 IN 286 289 2 98.997429 3 0
286 IN 287 288 1 0.242575 2 1
287 LN -1 -1 -1 -1.000000 1 0
288 LN -1 -1 -1 -1.000000 1 1
289 IN 290 291 3 127.664192 2 0
290 LN -1 -1 -1 -1.000000 1 0
291 LN -1 -1 -1 -1.000000 1 0
292 IN 293 298 4 23.320000 4 1
293 IN 294 297 2 111.307400 3 1
294 IN 295 296 2 97.500000 2 0
295 LN -1 -1 -1 -1.000000 1 1
296 LN -1 -1 -1 -1.000000 1 0
297 LN -1 -1 -1 -1.000000 1 1
298 LN -1 -1 -1 -1.000000 1 0
299 IN 300 307 4 14.651635 5 0
300 IN 301 302 1 1.158891 4 1
301 LN -1 -1 -1 -1.000000 1 0
302 IN 303 306 4 13.351635 3 1
303 IN 304 305 4 12.915000 2 0
304 LN -1 -1 -1 -1.000000 1 1
305 LN -1 -1 -1 -1.000000 1 0
306 LN -1 -1 -1 -1.000000 1 1
307 LN -1 -1 -1 -1.000000 1 0
308 IN 309 344 1 1.078532 8 1
309 IN 310 341 4 24.788780 7 1
310 IN 311 332 3 197.115562 6 1
311 IN 312 319 1 0.097144 5 1
312 IN 313 314 3 148.972153 4 0
313 LN -1 -1 -1 -1.000000 1 0
314 IN 315 316 4 5.579702 3 0
315 LN -1 -1 -1 -1.000000 1 1
316 IN 317 318 2 120.201260 2 0
317 LN -1 -1 -1 -1.000000 1 0
318 LN -1 -1 -1 -1.000000 1 0
319 IN 320 325 0 1.000119 4 1
320 IN 321 324 2 118.500000 3 0
321 IN 322 323 4 13.347519 2 1
322 LN -1 -1 -1 -1.000000 1 0
323 LN -1 -1 -1 -1.000000 1 1
324 LN -1 -1 -1 -1.000000 1 0
325 IN 326 329 4 18.680000 3 1
326 IN 327 328 1 0.822973 2 1
327 LN -1 -1 -1 -1.000000 1 1
328 LN -1 -1 -1 -1.000000 1 1
329 IN 330 331 0 1.941129 2 1
330 LN -1 -1 -1 -1.000000 1 1
331 LN -1 -1 -1 -1.000000 1 0
332 IN 333 336 0 1.034356 4 1
333 IN 334 335 1 0.333377 2 0
334 LN -1 -1 -1 -1.000000 1 1
335 LN -1 -1 -1 -1.000000 1 0
336 IN 337 340 4 4.291398 3 1
337 IN 338 339 3 206.000000 2 0
338 LN -1 -1 -1 -1.000000 1 0
339 LN -1 -1 -1 -1.000000 1 1
340 LN -1 -1 -1 -1.000000 1 1
341 IN 342 343 2 107.458969 2 0
342 LN -1 -1 -1 -1.000000 1 0
343 LN -1 -1 -1 -1.000000 1 1
344 IN 345 360 3 193.782089 7 1
345 IN 346 347 1 1.099844 6 1
346 LN -1 -1 -1 -1.000000 1 0
347 IN 348 349 2 99.409714 5 1
348 LN -1 -1 -1 -1.000000 1 0
349 IN 350 355 2 115.021301 4 1
350 IN 351 354 1 2.399312 3 1
351 IN 352 353 2 109.886349 2 1
352 LN -1 -1 -1 -1.000000 1 1
353 LN -1 -1 -1 -1.000000 1 0
354 LN -1 -1 -1 -1.000000 1 0
355 IN 356 359 0 1.084068 3 1
356 IN 357 358 4 14.180000 2 1
357 LN -1 -1 -1 -1.000000 1 1
358 LN -1 -1 -1 -1.000000 1 0
359 LN -1 -1 -1 -1.000000 1 1
360 LN -1 -1 -1 -1.000000 1 0

[TREE 3]
NB_NODES: 319
0 IN 1 68 0 1.000119 11 1
1 IN 2 53 3 151.500000 10 0
2 IN 3 50 2 113.000000 9 0
3 IN 4 29 4 5.895000 8 0
4 IN 5 22 1 0.581969 7 0
5 IN 6 21 1 0.565779 6 0
6 IN 7 14 3 111.500000 5 0
7 IN 8 9 2 91.500000 4 0
8 LN -1 -1 -1 -1.000000 1 0
9 IN 10 11 3 100.000000 3 0
10 LN -1 -1 -1 -1.000000 1 0
11 IN 12 13 4 4.255000 2 0
12 LN -1 -1 -1 -1.000000 1 0
13 LN -1 -1 -1 -1.000000 1 1
14 IN 15 16 2 102.500000 4 0
15 LN -1 -1 -1 -1.000000 1 0
16 IN 17 18 1 0.226670 3 1
17 LN -1 -1 -1 -1.000000 1 1
18 IN 19 20 4 5.555000 2 0
19 LN -1 -1 -1 -1.000000 1 0
20 LN -1 -1 -1 -1.000000 1 1
21 LN -1 -1 -1 -1.000000 1 1
22 IN 23 28 2 92.500000 4 0
23 IN 24 25 2 91.500000 3 0
24 LN -1 -1 -1 -1.000000 1 0
25 IN 26 27 4 3.920000 2 0
26 LN -1 -1 -1 -1.000000 1 0
27 LN -1 -1 -1 -1.000000 1 1
28 LN -1 -1 -1 -1.000000 1 0
29 IN 30 35 3 56.500000 7 0
30 IN 31 34 4 11.085000 3 0
31 IN 32 33 1 0.516634 2 1
32 LN -1 -1 -1 -1.000000 1 1
33 LN -1 -1 -1 -1.000000 1 0
34 LN -1 -1 -1 -1.000000 1 0
35 IN 36 45 3 146.000000 6 0
36 IN 37 44 2 104.500000 5 0
37 IN 38 39 3 86.500000 4 0
38 LN -1 -1 -1 -1.000000 1 0
39 IN 40 43 1 0.688104 3 0
40 IN 41 42 4 19.275001 2 0
41 LN -1 -1 -1 -1.000000 1 0
42 LN -1 -1 -1 -1.000000 1 0
43 LN -1 -1 -1 -1.000000 1 0
44 LN -1 -1 -1 -1.000000 1 0
45 IN 46 49 2 101.000000 3 0
46 IN 47 48 3 148.000000 2 1
47 LN -1 -1 -1 -1.000000 1 1
48 LN -1 -1 -1 -1.000000 1 0
49 LN -1 -1 -1 -1.000000 1 0
50 IN 51 52 1 1.078149 2 0
51 LN -1 -1 -1 -1.000000 1 0
52 LN -1 -1 -1 -1.000000 1 1
53 IN 54 59 4 11.854227 6 1
54 IN 55 56 1 0.325282 3 0
55 LN -1 -1 -1 -1.000000 1 0
56 IN 57 58 2 109.021301 2 0
57 LN -1 -1 -1 -1.000000 1 0
58 LN -1 -1 -1 -1.000000 1 1
59 IN 60 61 2 97.000000 5 1
60 LN -1 -1 -1 -1.000000 1 0
61 IN 62 63 4 14.180000 4 1
62 LN -1 -1 -1 -1.000000 1 1
63 IN 64 65 4 14.702519 3 1
64 LN -1 -1 -1 -1.000000 1 0
65 IN 66 67 1 1.098906 2 1
66 LN -1 -1 -1 -1.000000 1 1
67 LN -1 -1 -1 -1.000000 1 0
68 IN 69 192 2 98.057873 10 1
69 IN 70 133 4 7.441802 9 0
70 IN 71 104 1 1.017573 8 1
71 IN 72 73 0 1.990288 7 1
72 LN -1 -1 -1 -1.000000 1 1
73 IN 74 85 3 95.008148 6 1
74 IN 75 76 4 3.048514 5 0
75 LN -1 -1 -1 -1.000000 1 0
76 IN 77 78 1 0.058136 4 0
77 LN -1 -1 -1 -1.000000 1 0
78 IN 79 82 4 4.873389 3 0
79 IN 80 81 1 0.128057 2 1
80 LN -1 -1 -1 -1.000000 1 0
81 LN -1 -1 -1 -1.000000 1 1
82 IN 83 84 3 89.051609 2 0
83 LN -1 -1 -1 -1.000000 1 0
84 LN -1 -1 -1 -1.000000 1 1
85 IN 86 91 4 2.502661 5 1
86 IN 87 90 2 87.314888 3 0
87 IN 88 89 3 140.741802 2 0
88 LN -1 -1 -1 -1.000000 1 1
89 LN -1 -1 -1 -1.000000 1 0
90 LN -1 -1 -1 -1.000000 1 0
91 IN 92 99 2 89.094753 4 1
92 IN 93 96 2 86.946033 3 1
93 IN 94 95 4 6.591573 2 1
94 LN -1 -1 -1 -1.000000 1 1
95 LN -1 -1 -1 -1.000000 1 0
96 IN 97 98 3 107.500000 2 0
97 LN -1 -1 -1 -1.000000 1 1
98 LN -1 -1 -1 -1.000000 1 0
99 IN 100 103 2 97.957756 3 1
100 IN 101 102 1 0.025754 2 1
101 LN -1 -1 -1 -1.000000 1 0
102 LN -1 -1 -1 -1.000000 1 1
103 LN -1 -1 -1 -1.000000 1 0
104 IN 105 118 3 109.500000 7 0
105 IN 106 109 2 94.338318 5 0
106 IN 107 108 4 1.598886 2 0
107 LN -1 -1 -1 -1.000000 1 1
108 LN -1 -1 -1 -1.000000 1 0
109 IN 110 113 4 4.930000 4 0
110 IN 111 112 3 82.897850 2 1
111 LN -1 -1 -1 -1.000000 1 1
112 LN -1 -1 -1 -1.000000 1 0
113 IN 114 117 1 1.451999 3 0
114 IN 115 116 3 79.009712 2 0
115 LN -1 -1 -1 -1.000000 1 1
116 LN -1 -1 -1 -1.000000 1 0
117 LN -1 -1 -1 -1.000000 1 0
118 IN 119 132 3 166.710312 6 0
119 IN 120 121 1 1.052881 5 0
120 LN -1 -1 -1 -1.000000 1 0
121 IN 122 127 1 1.382835 4 0
122 IN 123 126 3 137.600433 3 1
123 IN 124 125 2 93.863510 2 1
124 LN -1 -1 -1 -1.000000 1 1
125 LN -1 -1 -1 -1.000000 1 0
126 LN -1 -1 -1 -1.000000 1 0
127 IN 128 131 3 122.000000 3 0
128 IN 129 130 4 1.295000 2 0
129 LN -1 -1 -1 -1.000000 1 0
130 LN -1 -1 -1 -1.000000 1 0
131 LN -1 -1 -1 -1.000000 1 0
132 LN -1 -1 -1 -1.000000 1 1
133 IN 134 163 3 95.244339 8 0
134 IN 135 154 3 80.781696 7 0
135 IN 136 141 3 69.490929 6 0
136 IN 137 140 3 55.694452 3 0
137 IN 138 139 3 54.694452 2 0
138 LN -1 -1 -1 -1.000000 1 0
139 LN -1 -1 -1 -1.000000 1 1
140 LN -1 -1 -1 -1.000000 1 0
141 IN 142 147 2 84.699451 5 0
142 IN 143 146 1 1.409296 3 1
143 IN 144 145 2 82.000000 2 1
144 LN -1 -1 -1 -1.000000 1 0
145 LN -1 -1 -1 -1.000000 1 1
146 LN -1 -1 -1 -1.000000 1 1
147 IN 148 153 1 1.559054 4 0
148 IN 149 152 3 80.281696 3 0
149 IN 150 151 3 71.659298 2 0
150 LN -1 -1 -1 -1.000000 1 0
151 LN -1 -1 -1 -1.000000 1 0
152 LN -1 -1 -1 -1.000000 1 1
153 LN -1 -1 -1 -1.000000 1 1
154 IN 155 158 4 7.827298 4 0
155 IN 156 157 4 7.758536 2 0
156 LN -1 -1 -1 -1.000000 1 0
157 LN -1 -1 -1 -1.000000 1 1
158 IN 159 160 1 1.351222 3 0
159 LN -1 -1 -1 -1.000000 1 0
160 IN 161 162 1 1.409358 2 0
161 LN -1 -1 -1 -1.000000 1 1
162 LN -1 -1 -1 -1.000000 1 0
163 IN 164 191 1 1.872420 7 0
164 IN 165 190 4 17.875000 6 0
165 IN 166 177 3 103.303093 5 0
166 IN 167 174 4 11.825388 4 0
167 IN 168 171 3 96.902321 3 0
168 IN 169 170 4 8.446459 2 1
169 LN -1 -1 -1 -1.000000 1 0
170 LN -1 -1 -1 -1.000000 1 1
171 IN 172 173 1 0.191220 2 0
172 LN -1 -1 -1 -1.000000 1 0
173 LN -1 -1 -1 -1.000000 1 0
174 IN 175 176 4 17.764999 2 0
175 LN -1 -1 -1 -1.000000 1 0
176 LN -1 -1 -1 -1.000000 1 1
177 IN 178 183 2 89.015652 4 0
178 IN 179 180 2 86.500000 3 0
179 LN -1 -1 -1 -1.000000 1 0
180 IN 181 182 2 87.500000 2 0
181 LN -1 -1 -1 -1.000000 1 0
182 LN -1 -1 -1 -1.000000 1 0
183 IN 184 187 1 1.053863 3 1
184 IN 185 186 1 0.676073 2 0
185 LN -1 -1 -1 -1.000000 1 1
186 LN -1 -1 -1 -1.000000 1 0
187 IN 188 189 3 152.783775 2 1
188 LN -1 -1 -1 -1.000000 1 1
189 LN -1 -1 -1 -1.000000 1 0
190 LN -1 -1 -1 -1.000000 1 0
191 LN -1 -1 -1 -1.000000 1 0
192 IN 193 286 4 18.306005 9 1
193 IN 194 241 3 137.116066 8 1
194 IN 195 196 0 1.991310 7 1
195 LN -1 -1 -1 -1.000000 1 1
196 IN 197 222 1 0.677997 6 1
197 IN 198 211 4 12.525000 5 1
198 IN 199 204 1 0.041945 4 1
199 IN 200 203 2 100.735081 3 0
200 IN 201 202 1 0.024286 2 1
201 LN -1 -1 -1 -1.000000 1 1
202 LN -1 -1 -1 -1.000000 1 0
203 LN -1 -1 -1 -1.000000 1 0
204 IN 205 208 3 131.699150 3 1
205 IN 206 207 3 59.500000 2 1
206 LN -1 -1 -1 -1.000000 1 0
207 LN -1 -1 -1 -1.000000 1 1
208 IN 209 210 3 133.144730 2 0
209 LN -1 -1 -1 -1.000000 1 0
210 LN -1 -1 -1 -1.000000 1 0
211 IN 212 217 2 105.500000 4 0
212 IN 213 216 4 17.897614 3 0
213 IN 214 215 3 63.965673 2 0
214 LN -1 -1 -1 -1.000000 1 1
215 LN -1 -1 -1 -1.000000 1 0
216 LN -1 -1 -1 -1.000000 1 1
217 IN 218 219 1 0.134206 3 1
218 LN -1 -1 -1 -1.000000 1 0
219 IN 220 221 4 15.148874 2 1
220 LN -1 -1 -1 -1.000000 1 1
221 LN -1 -1 -1 -1.000000 1 1
222 IN 223 232 4 8.564491 5 1
223 IN 224 225 1 0.715729 4 1
224 LN -1 -1 -1 -1.000000 1 0
225 IN 226 229 3 89.255413 3 1
226 IN 227 228 3 68.822121 2 0
227 LN -1 -1 -1 -1.000000 1 1
228 LN -1 -1 -1 -1.000000 1 0
229 IN 230 231 1 0.868260 2 1
230 LN -1 -1 -1 -1.000000 1 1
231 LN -1 -1 -1 -1.000000 1 1
232 IN 233 234 3 55.098171 4 0
233 LN -1 -1 -1 -1.000000 1 1
234 IN 235 238 3 91.535099 3 0
235 IN 236 237 2 119.500000 2 0
236 LN -1 -1 -1 -1.000000 1 0
237 LN -1 -1 -1 -1.000000 1 1
238 IN 239 240 3 120.955585 2 0
239 LN -1 -1 -1 -1.000000 1 1
240 LN -1 -1 -1 -1.000000 1 0
241 IN 242 243 0 1.990786 7 1
242 LN -1 -1 -1 -1.000000 1 1
243 IN 244 267 2 111.968376 6 1
244 IN 245 256 2 100.034241 5 1
245 IN 246 251 2 99.994308 4 1
246 IN 247 250 2 99.006664 3 1
247 IN 248 249 1 0.485721 2 0
248 LN -1 -1 -1 -1.000000 1 0
249 LN -1 -1 -1 -1.000000 1 1
250 LN -1 -1 -1 -1.000000 1 1
251 IN 252 255 4 10.755000 3 0
252 IN 253 254 4 8.015000 2 1
253 LN -1 -1 -1 -1.000000 1 0
254 LN -1 -1 -1 -1.000000 1 1
255 LN -1 -1 -1 -1.000000 1 0
256 IN 257 260 3 138.460876 4 1
257 IN 258 259 1 1.399797 2 0
258 LN -1 -1 -1 -1.000000 1 0
259 LN -1 -1 -1 -1.000000 1 1
260 IN 261 264 4 17.016155 3 1
261 IN 262 263 2 100.870361 2 1
262 LN -1 -1 -1 -1.000000 1 1
263 LN -1 -1 -1 -1.000000 1 1
264 IN 265 266 2 104.500000 2 0
265 LN -1 -1 -1 -1.000000 1 0
266 LN -1 -1 -1 -1.000000 1 1
267 IN 268 277 1 0.162533 5 1
268 IN 269 270 4 12.435467 4 0
269 LN -1 -1 -1 -1.000000 1 0
270 IN 271 274 1 0.090517 3 1
271 IN 272 273 3 167.500000 2 1
272 LN -1 -1 -1 -1.000000 1 0
273 LN -1 -1 -1 -1.000000 1 1
274 IN 275 276 2 115.000000 2 0
275 LN -1 -1 -1 -1.000000 1 0
276 LN -1 -1 -1 -1.000000 1 1
277 IN 278 283 1 0.978068 4 1
278 IN 279 280 2 112.017670 3 1
279 LN -1 -1 -1 -1.000000 1 0
280 IN 281 282 1 0.263162 2 1
281 LN -1 -1 -1 -1.000000 1 1
282 LN -1 -1 -1 -1.000000 1 1
283 IN 284 285 2 122.067177 2 0
284 LN -1 -1 -1 -1.000000 1 0
285 LN -1 -1 -1 -1.000000 1 1
286 IN 287 310 2 118.277306 8 0
287 IN 288 289 0 1.975608 7 0
288 LN -1 -1 -1 -1.000000 1 1
289 IN 290 291 2 98.997429 6 0
290 LN -1 -1 -1 -1.000000 1 1
291 IN 292 299 4 23.264326 5 0
292 IN 293 298 4 23.029326 4 0
293 IN 294 295 1 0.239520 3 0
294 LN -1 -1 -1 -1.000000 1 1
295 IN 296 297 2 111.462124 2 0
296 LN -1 -1 -1 -1.000000 1 0
297 LN -1 -1 -1 -1.000000 1 1
298 LN -1 -1 -1 -1.000000 1 1
299 IN 300 305 1 1.166006 4 0
300 IN 301 302 1 0.720238 3 0
301 LN -1 -1 -1 -1.000000 1 0
302 IN 303 304 3 151.892197 2 0
303 LN -1 -1 -1 -1.000000 1 0
304 LN -1 -1 -1 -1.000000 1 0
305 IN 306 307 3 151.000000 3 0
306 LN -1 -1 -1 -1.000000 1 0
307 IN 308 309 4 29.280000 2 1
308 LN -1 -1 -1 -1.000000 1 1
309 LN -1 -1 -1 -1.000000 1 0
310 IN 311 314 3 194.452438 4 1
311 IN 312 313 2 126.500000 2 1
312 LN -1 -1 -1 -1.000000 1 1
313 LN -1 -1 -1 -1.000000 1 0
314 IN 315 316 1 0.314609 3 0
315 LN -1 -1 -1 -1.000000 1 0
316 IN 317 318 3 211.500000 2 1
317 LN -1 -1 -1 -1.000000 1 1
318 LN -1 -1 -1 -1.000000 1 0

[TREE 4]
NB_NODES: 363
0 IN 1 174 2 99.006664 11 1
1 IN 2 71 3 96.001461 10 0
2 IN 3 18 0 1.001832 9 0
3 IN 4 13 2 98.500000 6 0
4 IN 5 6 3 90.500000 5 0
5 LN -1 -1 -1 -1.000000 1 0
6 IN 7 8 2 93.500000 4 0
7 LN -1 -1 -1 -1.000000 1 0
8 IN 9 12 2 94.500000 3 0
9 IN 10 11 4 6.740000 2 0
10 LN -1 -1 -1 -1.000000 1 0
11 LN -1 -1 -1 -1.000000 1 1
12 LN -1 -1 -1 -1.000000 1 0
13 IN 14 17 3 92.000000 3 0
14 IN 15 16 1 0.775685 2 0
15 LN -1 -1 -1 -1.000000 1 0
16 LN -1 -1 -1 -1.000000 1 1
17 LN -1 -1 -1 -1.000000 1 0
18 IN 19 20 2 80.065971 8 0
19 LN -1 -1 -1 -1.000000 1 0
20 IN 21 22 2 80.965290 7 0
21 LN -1 -1 -1 -1.000000 1 1
22 IN 23 50 1 0.903250 6 0
23 IN 24 37 2 91.614861 5 0
24 IN 25 32 4 6.899737 4 0
25 IN 26 29 3 92.550217 3 1
26 IN 27 28 4 2.865915 2 1
27 LN -1 -1 -1 -1.000000 1 0
28 LN -1 -1 -1 -1.000000 1 1
29 IN 30 31 4 4.375000 2 0
30 LN -1 -1 -1 -1.000000 1 1
31 LN -1 -1 -1 -1.000000 1 0
32 IN 33 36 4 10.735000 3 0
33 IN 34 35 2 89.500000 2 0
34 LN -1 -1 -1 -1.000000 1 0
35 LN -1 -1 -1 -1.000000 1 0
36 LN -1 -1 -1 -1.000000 1 0
37 IN 38 45 3 81.525112 4 0
38 IN 39 42 3 79.074780 3 0
39 IN 40 41 4 5.967196 2 0
40 LN -1 -1 -1 -1.000000 1 0
41 LN -1 -1 -1 -1.000000 1 0
42 IN 43 44 2 94.000000 2 1
43 LN -1 -1 -1 -1.000000 1 0
44 LN -1 -1 -1 -1.000000 1 1
45 IN 46 47 0 1.843942 3 0
46 LN -1 -1 -1 -1.000000 1 1
47 IN 48 49 4 5.626493 2 0
48 LN -1 -1 -1 -1.000000 1 0
49 LN -1 -1 -1 -1.000000 1 0
50 IN 51 62 2 95.267155 5 0
51 IN 52 57 2 93.131260 4 0
52 IN 53 54 4 10.325099 3 0
53 LN -1 -1 -1 -1.000000 1 0
54 IN 55 56 4 11.955000 2 0
55 LN -1 -1 -1 -1.000000 1 1
56 LN -1 -1 -1 -1.000000 1 0
57 IN 58 61 1 1.253310 3 0
58 IN 59 60 1 1.084866 2 0
59 LN -1 -1 -1 -1.000000 1 0
60 LN -1 -1 -1 -1.000000 1 1
61 LN -1 -1 -1 -1.000000 1 0
62 IN 63 70 1 1.834108 4 0
63 IN 64 67 2 97.500000 3 0
64 IN 65 66 4 6.677151 2 0
65 LN -1 -1 -1 -1.000000 1 1
66 LN -1 -1 -1 -1.000000 1 0
67 IN 68 69 2 98.500000 2 0
68 LN -1 -1 -1 -1.000000 1 0
69 LN -1 -1 -1 -1.000000 1 0
70 LN -1 -1 -1 -1.000000 1 1
71 IN 72 91 0 1.042049 9 1
72 IN 73 78 1 0.557683 8 0
73 IN 74 75 3 108.761143 3 0
74 LN -1 -1 -1 -1.000000 1 0
75 IN 76 77 3 109.761143 2 0
76 LN -1 -1 -1 -1.000000 1 1
77 LN -1 -1 -1 -1.000000 1 0
78 IN 79 90 3 159.500000 7 0
79 IN 80 81 2 84.000000 6 0
80 LN -1 -1 -1 -1.000000 1 1
81 IN 82 89 4 6.588433 5 0
82 IN 83 88 1 0.994259 4 0
83 IN 84 85 2 91.500000 3 1
84 LN -1 -1 -1 -1.000000 1 0
85 IN 86 87 3 101.306461 2 1
86 LN -1 -1 -1 -1.000000 1 0
87 LN -1 -1 -1 -1.000000 1 1
88 LN -1 -1 -1 -1.000000 1 0
89 LN -1 -1 -1 -1.000000 1 0
90 LN -1 -1 -1 -1.000000 1 1
91 IN 92 127 4 9.189395 8 1
92 IN 93 94 0 1.990288 7 1
93 LN -1 -1 -1 -1.000000 1 1
94 IN 95 118 3 164.164627 6 1
95 IN 96 105 1 1.163670 5 1
96 IN 97 104 3 163.500000 4 1
97 IN 98 101 1 0.531650 3 1
98 IN 99 100 3 118.957756 2 1
99 LN -1 -1 -1 -1.000000 1 1
100 LN -1 -1 -1 -1.000000 1 1
101 IN 102 103 4 6.555000 2 1
102 LN -1 -1 -1 -1.000000 1 1
103 LN -1 -1 -1 -1.000000 1 0
104 LN -1 -1 -1 -1.000000 1 0
105 IN 106 111 4 6.511561 4 0
106 IN 107 108 2 92.321354 3 0
107 LN -1 -1 -1 -1.000000 1 0
108 IN 109 110 3 122.000000 2 0
109 LN -1 -1 -1 -1.000000 1 1
110 LN -1 -1 -1 -1.000000 1 0
111 IN 112 115 4 7.704880 3 0
112 IN 113 114 3 120.495319 2 1
113 LN -1 -1 -1 -1.000000 1 0
114 LN -1 -1 -1 -1.000000 1 1
115 IN 116 117 4 8.322300 2 0
116 LN -1 -1 -1 -1.000000 1 0
117 LN -1 -1 -1 -1.000000 1 1
118 IN 119 126 4 7.595538 5 1
119 IN 120 125 3 206.500000 4 1
120 IN 121 122 4 4.740000 3 1
121 LN -1 -1 -1 -1.000000 1 1
122 IN 123 124 2 96.795132 2 1
123 LN -1 -1 -1 -1.000000 1 1
124 LN -1 -1 -1 -1.000000 1 0
125 LN -1 -1 -1 -1.000000 1 0
126 LN -1 -1 -1 -1.000000 1 0
127 IN 128 147 3 130.005142 7 0
128 IN 129 142 4 17.539441 6 0
129 IN 130 131 3 96.902321 5 0
130 LN -1 -1 -1 -1.000000 1 1
131 IN 132 137 3 103.303093 4 0
132 IN 133 134 4 11.666444 3 0
133 LN -1 -1 -1 -1.000000 1 0
134 IN 135 136 2 92.410904 2 0
135 LN -1 -1 -1 -1.000000 1 0
136 LN -1 -1 -1 -1.000000 1 0
137 IN 138 139 4 9.739426 3 0
138 LN -1 -1 -1 -1.000000 1 0
139 IN 140 141 1 0.283051 2 0
140 LN -1 -1 -1 -1.000000 1 0
141 LN -1 -1 -1 -1.000000 1 0
142 IN 143 146 1 0.753027 3 0
143 IN 144 145 3 126.300087 2 0
144 LN -1 -1 -1 -1.000000 1 0
145 LN -1 -1 -1 -1.000000 1 1
146 LN -1 -1 -1 -1.000000 1 0
147 IN 148 167 1 0.814081 6 0
148 IN 149 160 1 0.181187 5 1
149 IN 150 155 2 97.318787 4 0
150 IN 151 152 1 0.136572 3 0
151 LN -1 -1 -1 -1.000000 1 0
152 IN 153 154 1 0.178517 2 0
153 LN -1 -1 -1 -1.000000 1 1
154 LN -1 -1 -1 -1.000000 1 0
155 IN 156 157 4 11.325133 3 1
156 LN -1 -1 -1 -1.000000 1 0
157 IN 158 159 4 21.113758 2 1
158 LN -1 -1 -1 -1.000000 1 1
159 LN -1 -1 -1 -1.000000 1 0
160 IN 161 162 3 133.672134 4 1
161 LN -1 -1 -1 -1.000000 1 1
162 IN 163 164 2 91.232906 3 1
163 LN -1 -1 -1 -1.000000 1 0
164 IN 165 166 2 97.575478 2 1
165 LN -1 -1 -1 -1.000000 1 1
166 LN -1 -1 -1 -1.000000 1 0
167 IN 168 173 1 1.120757 4 0
168 IN 169 170 3 138.685471 3 0
169 LN -1 -1 -1 -1.000000 1 1
170 IN 171 172 4 14.236080 2 0
171 LN -1 -1 -1 -1.000000 1 0
172 LN -1 -1 -1 -1.000000 1 1
173 LN -1 -1 -1 -1.000000 1 0
174 IN 175 222 0 1.000119 10 1
175 IN 176 203 2 113.500000 9 0
176 IN 177 198 4 20.275000 8 0
177 IN 178 179 2 100.500000 7 0
178 LN -1 -1 -1 -1.000000 1 0
179 IN 180 191 1 0.534293 6 0
180 IN 181 182 3 70.000000 5 0
181 LN -1 -1 -1 -1.000000 1 1
182 IN 183 188 1 0.524729 4 0
183 IN 184 185 2 104.500000 3 0
184 LN -1 -1 -1 -1.000000 1 0
185 IN 186 187 1 0.323814 2 0
186 LN -1 -1 -1 -1.000000 1 0
187 LN -1 -1 -1 -1.000000 1 0
188 IN 189 190 2 106.500000 2 1
189 LN -1 -1 -1 -1.000000 1 1
190 LN -1 -1 -1 -1.000000 1 0
191 IN 192 197 4 4.860000 4 0
192 IN 193 194 2 101.500000 3 0
193 LN -1 -1 -1 -1.000000 1 0
194 IN 195 196 3 129.000000 2 0
195 LN -1 -1 -1 -1.000000 1 0
196 LN -1 -1 -1 -1.000000 1 1
197 LN -1 -1 -1 -1.000000 1 0
198 IN 199 202 4 24.625000 3 0
199 IN 200 201 1 1.270969 2 1
200 LN -1 -1 -1 -1.000000 1 1
201 LN -1 -1 -1 -1.000000 1 0
202 LN -1 -1 -1 -1.000000 1 0
203 IN 204 205 3 96.500000 8 0
204 LN -1 -1 -1 -1.000000 1 1
205 IN 206 221 3 186.000000 7 0
206 IN 207 212 1 0.396672 6 0
207 IN 208 211 1 0.122898 3 0
208 IN 209 210 4 12.875000 2 0
209 LN -1 -1 -1 -1.000000 1 0
210 LN -1 -1 -1 -1.000000 1 1
211 LN -1 -1 -1 -1.000000 1 0
212 IN 213 220 3 160.971794 5 0
213 IN 214 215 3 126.500000 4 0
214 LN -1 -1 -1 -1.000000 1 0
215 IN 216 219 1 0.716957 3 1
216 IN 217 218 2 119.000000 2 0
217 LN -1 -1 -1 -1.000000 1 1
218 LN -1 -1 -1 -1.000000 1 0
219 LN -1 -1 -1 -1.000000 1 1
220 LN -1 -1 -1 -1.000000 1 0
221 LN -1 -1 -1 -1.000000 1 1
222 IN 223 286 1 0.871960 9 1
223 IN 224 285 4 26.362842 8 1
224 IN 225 256 1 0.131195 7 1
225 IN 226 231 3 86.069515 6 1
226 IN 227 230 3 72.500000 3 0
227 IN 228 229 3 65.500000 2 0
228 LN -1 -1 -1 -1.000000 1 0
229 LN -1 -1 -1 -1.000000 1 1
230 LN -1 -1 -1 -1.000000 1 0
231 IN 232 245 4 9.077145 5 1
232 IN 233 238 2 105.500000 4 1
233 IN 234 237 4 7.202514 3 1
234 IN 235 236 2 102.182350 2 1
235 LN -1 -1 -1 -1.000000 1 1
236 LN -1 -1 -1 -1.000000 1 0
237 LN -1 -1 -1 -1.000000 1 1
238 IN 239 242 1 0.080953 3 0
239 IN 240 241 1 0.058767 2 0
240 LN -1 -1 -1 -1.000000 1 1
241 LN -1 -1 -1 -1.000000 1 0
242 IN 243 244 1 0.119386 2 1
243 LN -1 -1 -1 -1.000000 1 1
244 LN -1 -1 -1 -1.000000 1 0
245 IN 246 251 4 15.575000 4 0
246 IN 247 248 3 95.293991 3 0
247 LN -1 -1 -1 -1.000000 1 1
248 IN 249 250 4 10.823700 2 0
249 LN -1 -1 -1 -1.000000 1 0
250 LN -1 -1 -1 -1.000000 1 0
251 IN 252 253 2 104.292179 3 1
252 LN -1 -1 -1 -1.000000 1 0
253 IN 254 255 4 16.927395 2 1
254 LN -1 -1 -1 -1.000000 1 1
255 LN -1 -1 -1 -1.000000 1 1
256 IN 257 258 0 1.993643 6 1
257 LN -1 -1 -1 -1.000000 1 1
258 IN 259 272 3 134.114784 5 1
259 IN 260 267 3 131.699150 4 1
260 IN 261 264 2 106.675209 3 1
261 IN 262 263 4 12.628398 2 1
262 LN -1 -1 -1 -1.000000 1 1
263 LN -1 -1 -1 -1.000000 1 0
264 IN 265 266 4 8.874870 2 1
265 LN -1 -1 -1 -1.000000 1 1
266 LN -1 -1 -1 -1.000000 1 0
267 IN 268 269 1 0.470998 3 0
268 LN -1 -1 -1 -1.000000 1 0
269 IN 270 271 1 0.574769 2 0
270 LN -1 -1 -1 -1.000000 1 1
271 LN -1 -1 -1 -1.000000 1 0
272 IN 273 278 1 0.263162 4 1
273 IN 274 277 3 197.196648 3 1
274 IN 275 276 2 107.763897 2 1
275 LN -1 -1 -1 -1.000000 1 1
276 LN -1 -1 -1 -1.000000 1 1
277 LN -1 -1 -1 -1.000000 1 1
278 IN 279 282 4 18.975000 3 1
279 IN 280 281 1 0.822877 2 1
280 LN -1 -1 -1 -1.000000 1 1
281 LN -1 -1 -1 -1.000000 1 1
282 IN 283 284 3 164.392197 2 1
283 LN -1 -1 -1 -1.000000 1 0
284 LN -1 -1 -1 -1.000000 1 1
285 LN -1 -1 -1 -1.000000 1 0
286 IN 287 330 2 106.023705 8 1
287 IN 288 321 3 149.482841 7 0
288 IN 289 304 2 100.918541 6 0
289 IN 290 297 3 115.648540 5 1
290 IN 291 296 3 92.974163 4 0
291 IN 292 293 0 1.987082 3 1
292 LN -1 -1 -1 -1.000000 1 1
293 IN 294 295 3 70.000000 2 1
294 LN -1 -1 -1 -1.000000 1 1
295 LN -1 -1 -1 -1.000000 1 0
296 LN -1 -1 -1 -1.000000 1 0
297 IN 298 303 4 15.762893 4 1
298 IN 299 302 2 100.014534 3 1
299 IN 300 301 4 3.582889 2 1
300 LN -1 -1 -1 -1.000000 1 0
301 LN -1 -1 -1 -1.000000 1 1
302 LN -1 -1 -1 -1.000000 1 1
303 LN -1 -1 -1 -1.000000 1 0
304 IN 305 312 3 100.784111 5 0
305 IN 306 311 4 8.109680 4 0
306 IN 307 310 1 0.918979 3 0
307 IN 308 309 3 75.418587 2 0
308 LN -1 -1 -1 -1.000000 1 1
309 LN -1 -1 -1 -1.000000 1 0
310 LN -1 -1 -1 -1.000000 1 0
311 LN -1 -1 -1 -1.000000 1 0
312 IN 313 314 2 102.026794 4 0
313 LN -1 -1 -1 -1.000000 1 0
314 IN 315 318 4 10.397204 3 0
315 IN 316 317 3 108.214649 2 1
316 LN -1 -1 -1 -1.000000 1 1
317 LN -1 -1 -1 -1.000000 1 0
318 IN 319 320 2 105.454082 2 0
319 LN -1 -1 -1 -1.000000 1 0
320 LN -1 -1 -1 -1.000000 1 0
321 IN 322 329 3 173.626877 5 1
322 IN 323 328 2 101.052917 4 1
323 IN 324 325 3 162.173164 3 1
324 LN -1 -1 -1 -1.000000 1 1
325 IN 326 327 4 5.955000 2 1
326 LN -1 -1 -1 -1.000000 1 1
327 LN -1 -1 -1 -1.000000 1 0
328 LN -1 -1 -1 -1.000000 1 1
329 LN -1 -1 -1 -1.000000 1 0
330 IN 331 352 3 126.507656 7 1
331 IN 332 347 4 18.363810 6 1
332 IN 333 342 4 14.299002 5 1
333 IN 334 335 2 106.882351 4 0
334 LN -1 -1 -1 -1.000000 1 1
335 IN 336 339 1 1.242057 3 0
336 IN 337 338 4 6.880000 2 0
337 LN -1 -1 -1 -1.000000 1 0
338 LN -1 -1 -1 -1.000000 1 0
339 IN 340 341 4 8.619618 2 1
340 LN -1 -1 -1 -1.000000 1 1
341 LN -1 -1 -1 -1.000000 1 0
342 IN 343 346 4 17.075657 3 1
343 IN 344 345 4 16.429738 2 1
344 LN -1 -1 -1 -1.000000 1 1
345 LN -1 -1 -1 -1.000000 1 0
346 LN -1 -1 -1 -1.000000 1 1
347 IN 348 351 4 24.017157 3 0
348 IN 349 350 4 22.297156 2 0
349 LN -1 -1 -1 -1.000000 1 0
350 LN -1 -1 -1 -1.000000 1 1
351 LN -1 -1 -1 -1.000000 1 0
352 IN 353 362 3 197.256897 6 1
353 IN 354 355 4 9.903648 5 1
354 LN -1 -1 -1 -1.000000 1 1
355 IN 356 361 1 3.441989 4 1
356 IN 357 358 4 10.426774 3 1
357 LN -1 -1 -1 -1.000000 1 0
358 IN 359 360 3 139.096390 2 1
359 LN -1 -1 -1 -1.000000 1 0
360 LN -1 -1 -1 -1.000000 1 1
361 LN -1 -1 -1 -1.000000 1 0
362 LN -1 -1 -1 -1.000000 1 0

