DATASET_NAME: AGE
ENSEMBLE: RF
NB_TREES: 5
NB_FEATURES: 5
NB_CLASSES: 2
MAX_TREE_DEPTH: 10
Format: node / node type (LN - leave node, IN - internal node) left child / right child / feature / threshold / node_depth / majority class (starts with index 0)

[TREE 0]
NB_NODES: 341
0 IN 1 152 2 98.016693 11 1
1 IN 2 19 0 1.031555 10 0
2 IN 3 14 4 7.575000 7 0
3 IN 4 13 3 132.000000 6 0
4 IN 5 12 4 7.310000 5 0
5 IN 6 7 3 108.731041 4 0
6 LN -1 -1 -1 -1.000000 1 0
7 IN 8 11 1 0.283653 3 0
8 IN 9 10 1 0.226986 2 0
9 LN -1 -1 -1 -1.000000 1 0
10 LN -1 -1 -1 -1.000000 1 1
11 LN -1 -1 -1 -1.000000 1 0
12 LN -1 -1 -1 -1.000000 1 1
13 LN -1 -1 -1 -1.000000 1 1
14 IN 15 18 2 83.500000 3 0
15 IN 16 17 3 120.500000 2 0
16 LN -1 -1 -1 -1.000000 1 0
17 LN -1 -1 -1 -1.000000 1 1
18 LN -1 -1 -1 -1.000000 1 0
19 IN 20 91 4 7.015674 9 0
20 IN 21 56 3 96.001461 8 1
21 IN 22 27 2 81.046925 7 0
22 IN 23 26 1 0.945687 3 0
23 IN 24 25 1 0.759408 2 0
24 LN -1 -1 -1 -1.000000 1 0
25 LN -1 -1 -1 -1.000000 1 1
26 LN -1 -1 -1 -1.000000 1 0
27 IN 28 41 2 89.898598 6 0
28 IN 29 30 4 2.629502 5 1
29 LN -1 -1 -1 -1.000000 1 0
30 IN 31 36 1 0.766423 4 1
31 IN 32 33 2 83.926544 3 1
32 LN -1 -1 -1 -1.000000 1 1
33 IN 34 35 4 4.682206 2 1
34 LN -1 -1 -1 -1.000000 1 1
35 LN -1 -1 -1 -1.000000 1 1
36 IN 37 40 1 0.917388 3 0
37 IN 38 39 3 75.533802 2 0
38 LN -1 -1 -1 -1.000000 1 0
39 LN -1 -1 -1 -1.000000 1 0
40 LN -1 -1 -1 -1.000000 1 0
41 IN 42 55 2 97.500000 5 0
42 IN 43 48 2 94.037537 4 0
43 IN 44 45 3 52.287302 3 0
44 LN -1 -1 -1 -1.000000 1 1
45 IN 46 47 2 91.993187 2 0
46 LN -1 -1 -1 -1.000000 1 0
47 LN -1 -1 -1 -1.000000 1 0
48 IN 49 52 4 4.905000 3 1
49 IN 50 51 4 2.735000 2 1
50 LN -1 -1 -1 -1.000000 1 0
51 LN -1 -1 -1 -1.000000 1 1
52 IN 53 54 2 94.957432 2 0
53 LN -1 -1 -1 -1.000000 1 1
54 LN -1 -1 -1 -1.000000 1 0
55 LN -1 -1 -1 -1.000000 1 0
56 IN 57 76 1 1.026640 7 1
57 IN 58 61 1 0.024286 6 1
58 IN 59 60 4 4.645000 2 0
59 LN -1 -1 -1 -1.000000 1 0
60 LN -1 -1 -1 -1.000000 1 1
61 IN 62 63 0 1.989987 5 1
62 LN -1 -1 -1 -1.000000 1 1
63 IN 64 69 2 97.961792 4 1
64 IN 65 66 2 81.500000 3 1
65 LN -1 -1 -1 -1.000000 1 0
66 IN 67 68 4 2.227678 2 1
67 LN -1 -1 -1 -1.000000 1 0
68 LN -1 -1 -1 -1.000000 1 1
69 IN 70 73 4 5.090957 3 0
70 IN 71 72 3 116.000000 2 0
71 LN -1 -1 -1 -1.000000 1 0
72 LN -1 -1 -1 -1.000000 1 0
73 IN 74 75 4 5.515957 2 1
74 LN -1 -1 -1 -1.000000 1 1
75 LN -1 -1 -1 -1.000000 1 0
76 IN 77 80 3 110.044662 6 0
77 IN 78 79 2 84.841869 2 0
78 LN -1 -1 -1 -1.000000 1 1
79 LN -1 -1 -1 -1.000000 1 0
80 IN 81 90 4 6.350544 5 0
81 IN 82 83 2 83.500000 4 0
82 LN -1 -1 -1 -1.000000 1 0
83 IN 84 87 4 3.497500 3 0
84 IN 85 86 3 145.100433 2 1
85 LN -1 -1 -1 -1.000000 1 1
86 LN -1 -1 -1 -1.000000 1 1
87 IN 88 89 3 112.863510 2 0
88 LN -1 -1 -1 -1.000000 1 1
89 LN -1 -1 -1 -1.000000 1 0
90 LN -1 -1 -1 -1.000000 1 1
91 IN 92 125 3 90.500000 8 0
92 IN 93 116 2 97.386581 7 0
93 IN 94 103 1 1.168284 6 0
94 IN 95 102 1 0.362822 5 0
95 IN 96 101 2 86.839420 4 0
96 IN 97 98 4 7.545000 3 0
97 LN -1 -1 -1 -1.000000 1 0
98 IN 99 100 2 82.500000 2 0
99 LN -1 -1 -1 -1.000000 1 0
100 LN -1 -1 -1 -1.000000 1 1
101 LN -1 -1 -1 -1.000000 1 0
102 LN -1 -1 -1 -1.000000 1 0
103 IN 104 115 3 75.000000 5 0
104 IN 105 110 3 71.053112 4 0
105 IN 106 107 3 67.000000 3 0
106 LN -1 -1 -1 -1.000000 1 0
107 IN 108 109 2 90.500000 2 0
108 LN -1 -1 -1 -1.000000 1 0
109 LN -1 -1 -1 -1.000000 1 0
110 IN 111 114 4 8.953873 3 1
111 IN 112 113 1 1.266896 2 0
112 LN -1 -1 -1 -1.000000 1 1
113 LN -1 -1 -1 -1.000000 1 0
114 LN -1 -1 -1 -1.000000 1 1
115 LN -1 -1 -1 -1.000000 1 0
116 IN 117 118 2 97.886581 5 0
117 LN -1 -1 -1 -1.000000 1 1
118 IN 119 120 3 81.500000 4 0
119 LN -1 -1 -1 -1.000000 1 0
120 IN 121 124 3 83.000000 3 0
121 IN 122 123 1 0.468062 2 0
122 LN -1 -1 -1 -1.000000 1 1
123 LN -1 -1 -1 -1.000000 1 0
124 LN -1 -1 -1 -1.000000 1 0
125 IN 126 151 4 17.875000 7 0
126 IN 127 134 2 88.048840 6 0
127 IN 128 133 4 9.577207 4 0
128 IN 129 130 4 8.957287 3 0
129 LN -1 -1 -1 -1.000000 1 0
130 IN 131 132 1 1.048994 2 1
131 LN -1 -1 -1 -1.000000 1 1
132 LN -1 -1 -1 -1.000000 1 0
133 LN -1 -1 -1 -1.000000 1 0
134 IN 135 150 1 2.127009 5 1
135 IN 136 143 3 103.303093 4 1
136 IN 137 140 2 89.866508 3 0
137 IN 138 139 4 13.255000 2 1
138 LN -1 -1 -1 -1.000000 1 1
139 LN -1 -1 -1 -1.000000 1 0
140 IN 141 142 1 0.282968 2 0
141 LN -1 -1 -1 -1.000000 1 0
142 LN -1 -1 -1 -1.000000 1 0
143 IN 144 147 1 0.465611 3 1
144 IN 145 146 4 15.589716 2 1
145 LN -1 -1 -1 -1.000000 1 1
146 LN -1 -1 -1 -1.000000 1 1
147 IN 148 149 1 0.975751 2 1
148 LN -1 -1 -1 -1.000000 1 0
149 LN -1 -1 -1 -1.000000 1 1
150 LN -1 -1 -1 -1.000000 1 0
151 LN -1 -1 -1 -1.000000 1 0
152 IN 153 246 3 121.017094 10 1
153 IN 154 171 0 1.001832 9 0
154 IN 155 160 2 101.500000 6 0
155 IN 156 157 2 100.500000 3 0
156 LN -1 -1 -1 -1.000000 1 0
157 IN 158 159 3 88.500000 2 0
158 LN -1 -1 -1 -1.000000 1 1
159 LN -1 -1 -1 -1.000000 1 0
160 IN 161 168 4 19.308105 5 0
161 IN 162 163 2 108.500000 4 0
162 LN -1 -1 -1 -1.000000 1 0
163 IN 164 167 1 0.218574 3 0
164 IN 165 166 1 0.202384 2 0
165 LN -1 -1 -1 -1.000000 1 0
166 LN -1 -1 -1 -1.000000 1 1
167 LN -1 -1 -1 -1.000000 1 0
168 IN 169 170 4 19.768106 2 0
169 LN -1 -1 -1 -1.000000 1 1
170 LN -1 -1 -1 -1.000000 1 0
171 IN 172 223 4 12.505017 8 1
172 IN 173 196 4 9.235151 7 1
173 IN 174 183 4 4.111249 6 1
174 IN 175 176 2 99.500000 5 1
175 LN -1 -1 -1 -1.000000 1 0
176 IN 177 182 3 113.000000 4 1
177 IN 178 181 2 101.716972 3 1
178 IN 179 180 2 100.500000 2 1
179 LN -1 -1 -1 -1.000000 1 1
180 LN -1 -1 -1 -1.000000 1 0
181 LN -1 -1 -1 -1.000000 1 1
182 LN -1 -1 -1 -1.000000 1 0
183 IN 184 193 2 114.488731 5 1
184 IN 185 186 0 1.987082 4 1
185 LN -1 -1 -1 -1.000000 1 1
186 IN 187 190 1 1.262191 3 0
187 IN 188 189 1 0.999308 2 0
188 LN -1 -1 -1 -1.000000 1 0
189 LN -1 -1 -1 -1.000000 1 0
190 IN 191 192 1 2.252217 2 1
191 LN -1 -1 -1 -1.000000 1 1
192 LN -1 -1 -1 -1.000000 1 0
193 IN 194 195 3 106.772697 2 1
194 LN -1 -1 -1 -1.000000 1 1
195 LN -1 -1 -1 -1.000000 1 0
196 IN 197 198 3 67.586880 6 1
197 LN -1 -1 -1 -1.000000 1 1
198 IN 199 208 3 91.013401 5 1
199 IN 200 205 1 0.429788 4 0
200 IN 201 202 1 0.130871 3 1
201 LN -1 -1 -1 -1.000000 1 0
202 IN 203 204 2 102.262295 2 1
203 LN -1 -1 -1 -1.000000 1 0
204 LN -1 -1 -1 -1.000000 1 1
205 IN 206 207 2 119.500000 2 0
206 LN -1 -1 -1 -1.000000 1 0
207 LN -1 -1 -1 -1.000000 1 1
208 IN 209 216 4 9.917012 4 1
209 IN 210 213 3 110.139233 3 1
210 IN 211 212 3 98.000000 2 1
211 LN -1 -1 -1 -1.000000 1 1
212 LN -1 -1 -1 -1.000000 1 1
213 IN 214 215 3 114.921867 2 1
214 LN -1 -1 -1 -1.000000 1 0
215 LN -1 -1 -1 -1.000000 1 1
216 IN 217 220 2 101.974770 3 1
217 IN 218 219 1 0.728352 2 1
218 LN -1 -1 -1 -1.000000 1 1
219 LN -1 -1 -1 -1.000000 1 1
220 IN 221 222 2 104.132492 2 0
221 LN -1 -1 -1 -1.000000 1 0
222 LN -1 -1 -1 -1.000000 1 1
223 IN 224 235 2 104.079464 7 0
224 IN 225 234 1 1.053503 6 0
225 IN 226 233 1 1.037312 5 0
226 IN 227 228 2 101.486019 4 0
227 LN -1 -1 -1 -1.000000 1 0
228 IN 229 230 2 101.986019 3 0
229 LN -1 -1 -1 -1.000000 1 1
230 IN 231 232 1 0.418260 2 0
231 LN -1 -1 -1 -1.000000 1 0
232 LN -1 -1 -1 -1.000000 1 0
233 LN -1 -1 -1 -1.000000 1 1
234 LN -1 -1 -1 -1.000000 1 0
235 IN 236 245 4 24.017157 6 1
236 IN 237 244 1 1.785844 5 1
237 IN 238 243 2 120.796677 4 1
238 IN 239 242 2 108.128178 3 1
239 IN 240 241 2 107.930424 2 1
240 LN -1 -1 -1 -1.000000 1 1
241 LN -1 -1 -1 -1.000000 1 0
242 LN -1 -1 -1 -1.000000 1 1
243 LN -1 -1 -1 -1.000000 1 0
244 LN -1 -1 -1 -1.000000 1 0
245 LN -1 -1 -1 -1.000000 1 0
246 IN 247 260 0 1.013710 9 1
247 IN 248 253 3 152.193481 4 0
248 IN 249 252 3 125.500000 3 0
249 IN 250 251 3 123.500000 2 0
250 LN -1 -1 -1 -1.000000 1 0
251 LN -1 -1 -1 -1.000000 1 1
252 LN -1 -1 -1 -1.000000 1 0
253 IN 254 257 2 114.564495 3 1
254 IN 255 256 4 18.740000 2 0
255 LN -1 -1 -1 -1.000000 1 0
256 LN -1 -1 -1 -1.000000 1 1
257 IN 258 259 4 17.340000 2 1
258 LN -1 -1 -1 -1.000000 1 1
259 LN -1 -1 -1 -1.000000 1 0
260 IN 261 316 2 113.099426 8 1
261 IN 262 287 1 0.821409 7 1
262 IN 263 276 4 10.518035 6 1
263 IN 264 265 1 0.016191 5 1
264 LN -1 -1 -1 -1.000000 1 0
265 IN 266 271 1 0.084808 4 1
266 IN 267 268 1 0.040832 3 1
267 LN -1 -1 -1 -1.000000 1 1
268 IN 269 270 1 0.050671 2 0
269 LN -1 -1 -1 -1.000000 1 0
270 LN -1 -1 -1 -1.000000 1 1
271 IN 272 275 2 112.642014 3 1
272 IN 273 274 2 106.985725 2 1
273 LN -1 -1 -1 -1.000000 1 1
274 LN -1 -1 -1 -1.000000 1 1
275 LN -1 -1 -1 -1.000000 1 0
276 IN 277 286 4 25.813263 5 1
277 IN 278 279 0 1.975608 4 1
278 LN -1 -1 -1 -1.000000 1 1
279 IN 280 283 1 0.446712 3 1
280 IN 281 282 3 135.116066 2 1
281 LN -1 -1 -1 -1.000000 1 0
282 LN -1 -1 -1 -1.000000 1 1
283 IN 284 285 4 22.012484 2 1
284 LN -1 -1 -1 -1.000000 1 0
285 LN -1 -1 -1 -1.000000 1 1
286 LN -1 -1 -1 -1.000000 1 0
287 IN 288 293 4 5.917180 6 1
288 IN 289 292 2 100.233555 3 1
289 IN 290 291 1 0.883389 2 1
290 LN -1 -1 -1 -1.000000 1 0
291 LN -1 -1 -1 -1.000000 1 1
292 LN -1 -1 -1 -1.000000 1 1
293 IN 294 307 4 12.840467 5 0
294 IN 295 302 4 7.640000 4 0
295 IN 296 299 3 145.465759 3 0
296 IN 297 298 2 100.691620 2 1
297 LN -1 -1 -1 -1.000000 1 1
298 LN -1 -1 -1 -1.000000 1 0
299 IN 300 301 2 108.886349 2 0
300 LN -1 -1 -1 -1.000000 1 0
301 LN -1 -1 -1 -1.000000 1 0
302 IN 303 304 3 129.910187 3 1
303 LN -1 -1 -1 -1.000000 1 0
304 IN 305 306 3 159.911316 2 1
305 LN -1 -1 -1 -1.000000 1 1
306 LN -1 -1 -1 -1.000000 1 0
307 IN 308 313 2 110.958969 4 0
308 IN 309 310 0 1.826839 3 0
309 LN -1 -1 -1 -1.000000 1 1
310 IN 311 312 3 151.370804 2 0
311 LN -1 -1 -1 -1.000000 1 0
312 LN -1 -1 -1 -1.000000 1 0
313 IN 314 315 2 112.629456 2 1
314 LN -1 -1 -1 -1.000000 1 1
315 LN -1 -1 -1 -1.000000 1 0
316 IN 317 318 4 5.875000 7 1
317 LN -1 -1 -1 -1.000000 1 0
318 IN 319 328 1 0.263162 6 1
319 IN 320 321 4 11.985467 5 1
320 LN -1 -1 -1 -1.000000 1 0
321 IN 322 327 4 24.568798 4 1
322 IN 323 324 3 130.739883 3 1
323 LN -1 -1 -1 -1.000000 1 0
324 IN 325 326 3 197.696648 2 1
325 LN -1 -1 -1 -1.000000 1 1
326 LN -1 -1 -1 -1.000000 1 1
327 LN -1 -1 -1 -1.000000 1 0
328 IN 329 338 1 2.397690 5 1
329 IN 330 331 3 123.000000 4 1
330 LN -1 -1 -1 -1.000000 1 0
331 IN 332 335 3 140.147575 3 1
332 IN 333 334 4 16.765000 2 1
333 LN -1 -1 -1 -1.000000 1 1
334 LN -1 -1 -1 -1.000000 1 0
335 IN 336 337 2 136.069962 2 1
336 LN -1 -1 -1 -1.000000 1 1
337 LN -1 -1 -1 -1.000000 1 0
338 IN 339 340 4 15.155522 2 0
339 LN -1 -1 -1 -1.000000 1 1
340 LN -1 -1 -1 -1.000000 1 0

[TREE 1]
NB_NODES: 317
0 IN 1 130 3 98.078320 11 1
1 IN 2 71 1 0.624887 10 0
2 IN 3 8 0 1.045305 9 0
3 IN 4 7 3 86.958027 3 0
4 IN 5 6 4 16.130000 2 0
5 LN -1 -1 -1 -1.000000 1 0
6 LN -1 -1 -1 -1.000000 1 1
7 LN -1 -1 -1 -1.000000 1 0
8 IN 9 64 4 14.160000 8 0
9 IN 10 31 2 96.398148 7 0
10 IN 11 26 4 9.327403 6 0
11 IN 12 13 3 67.500000 5 0
12 LN -1 -1 -1 -1.000000 1 0
13 IN 14 19 1 0.153793 4 0
14 IN 15 16 3 87.551609 3 0
15 LN -1 -1 -1 -1.000000 1 0
16 IN 17 18 1 0.024286 2 0
17 LN -1 -1 -1 -1.000000 1 0
18 LN -1 -1 -1 -1.000000 1 0
19 IN 20 23 4 5.233736 3 1
20 IN 21 22 3 86.347225 2 1
21 LN -1 -1 -1 -1.000000 1 1
22 LN -1 -1 -1 -1.000000 1 0
23 IN 24 25 2 87.504402 2 0
24 LN -1 -1 -1 -1.000000 1 0
25 LN -1 -1 -1 -1.000000 1 1
26 IN 27 30 2 87.000000 3 0
27 IN 28 29 2 85.500000 2 0
28 LN -1 -1 -1 -1.000000 1 0
29 LN -1 -1 -1 -1.000000 1 1
30 LN -1 -1 -1 -1.000000 1 0
31 IN 32 49 3 91.013401 6 1
32 IN 33 40 2 101.500000 5 1
33 IN 34 39 1 0.554657 4 0
34 IN 35 36 3 78.390530 3 0
35 LN -1 -1 -1 -1.000000 1 0
36 IN 37 38 3 82.500000 2 0
37 LN -1 -1 -1 -1.000000 1 1
38 LN -1 -1 -1 -1.000000 1 0
39 LN -1 -1 -1 -1.000000 1 1
40 IN 41 42 3 54.637560 4 1
41 LN -1 -1 -1 -1.000000 1 0
42 IN 43 46 1 0.213600 3 1
43 IN 44 45 4 7.805000 2 0
44 LN -1 -1 -1 -1.000000 1 0
45 LN -1 -1 -1 -1.000000 1 1
46 IN 47 48 3 83.703934 2 1
47 LN -1 -1 -1 -1.000000 1 1
48 LN -1 -1 -1 -1.000000 1 0
49 IN 50 55 2 99.063549 5 1
50 IN 51 52 4 9.160828 3 0
51 LN -1 -1 -1 -1.000000 1 0
52 IN 53 54 3 92.411835 2 1
53 LN -1 -1 -1 -1.000000 1 0
54 LN -1 -1 -1 -1.000000 1 1
55 IN 56 59 2 100.965527 4 1
56 IN 57 58 3 97.641960 2 1
57 LN -1 -1 -1 -1.000000 1 1
58 LN -1 -1 -1 -1.000000 1 0
59 IN 60 61 2 102.466492 3 1
60 LN -1 -1 -1 -1.000000 1 0
61 IN 62 63 3 96.920856 2 1
62 LN -1 -1 -1 -1.000000 1 1
63 LN -1 -1 -1 -1.000000 1 0
64 IN 65 66 0 1.637948 4 0
65 LN -1 -1 -1 -1.000000 1 1
66 IN 67 70 1 0.289214 3 0
67 IN 68 69 1 0.248738 2 0
68 LN -1 -1 -1 -1.000000 1 0
69 LN -1 -1 -1 -1.000000 1 1
70 LN -1 -1 -1 -1.000000 1 0
71 IN 72 77 4 3.288135 9 0
72 IN 73 74 1 1.172356 3 0
73 LN -1 -1 -1 -1.000000 1 0
74 IN 75 76 4 1.515000 2 0
75 LN -1 -1 -1 -1.000000 1 1
76 LN -1 -1 -1 -1.000000 1 0
77 IN 78 115 2 108.133942 8 0
78 IN 79 106 4 11.955000 7 0
79 IN 80 105 4 11.902234 6 0
80 IN 81 96 2 93.131260 5 0
81 IN 82 89 4 3.867021 4 0
82 IN 83 86 2 89.183441 3 0
83 IN 84 85 4 3.842021 2 0
84 LN -1 -1 -1 -1.000000 1 0
85 LN -1 -1 -1 -1.000000 1 1
86 IN 87 88 1 1.050926 2 1
87 LN -1 -1 -1 -1.000000 1 1
88 LN -1 -1 -1 -1.000000 1 0
89 IN 90 93 1 0.967555 3 0
90 IN 91 92 2 91.004631 2 0
91 LN -1 -1 -1 -1.000000 1 0
92 LN -1 -1 -1 -1.000000 1 1
93 IN 94 95 1 1.364339 2 0
94 LN -1 -1 -1 -1.000000 1 0
95 LN -1 -1 -1 -1.000000 1 0
96 IN 97 104 2 102.932957 4 0
97 IN 98 101 1 1.086334 3 0
98 IN 99 100 1 1.031498 2 0
99 LN -1 -1 -1 -1.000000 1 0
100 LN -1 -1 -1 -1.000000 1 0
101 IN 102 103 0 1.301310 2 0
102 LN -1 -1 -1 -1.000000 1 0
103 LN -1 -1 -1 -1.000000 1 1
104 LN -1 -1 -1 -1.000000 1 0
105 LN -1 -1 -1 -1.000000 1 1
106 IN 107 112 4 22.075001 4 0
107 IN 108 111 2 80.821663 3 0
108 IN 109 110 4 16.230080 2 0
109 LN -1 -1 -1 -1.000000 1 1
110 LN -1 -1 -1 -1.000000 1 0
111 LN -1 -1 -1 -1.000000 1 0
112 IN 113 114 4 22.477157 2 0
113 LN -1 -1 -1 -1.000000 1 1
114 LN -1 -1 -1 -1.000000 1 0
115 IN 116 121 0 1.312370 5 1
116 IN 117 118 2 113.000000 3 0
117 LN -1 -1 -1 -1.000000 1 0
118 IN 119 120 4 15.735000 2 1
119 LN -1 -1 -1 -1.000000 1 0
120 LN -1 -1 -1 -1.000000 1 1
121 IN 122 129 3 89.312370 4 1
122 IN 123 126 1 0.897957 3 0
123 IN 124 125 3 70.598171 2 1
124 LN -1 -1 -1 -1.000000 1 1
125 LN -1 -1 -1 -1.000000 1 0
126 IN 127 128 3 54.625166 2 0
127 LN -1 -1 -1 -1.000000 1 1
128 LN -1 -1 -1 -1.000000 1 0
129 LN -1 -1 -1 -1.000000 1 1
130 IN 131 176 0 1.003792 10 1
131 IN 132 143 3 123.500000 9 0
132 IN 133 142 2 95.000000 6 0
133 IN 134 141 1 0.323814 5 0
134 IN 135 140 1 0.250956 4 0
135 IN 136 139 4 7.590000 3 0
136 IN 137 138 4 6.495000 2 0
137 LN -1 -1 -1 -1.000000 1 0
138 LN -1 -1 -1 -1.000000 1 1
139 LN -1 -1 -1 -1.000000 1 0
140 LN -1 -1 -1 -1.000000 1 1
141 LN -1 -1 -1 -1.000000 1 0
142 LN -1 -1 -1 -1.000000 1 0
143 IN 144 145 2 86.000000 8 0
144 LN -1 -1 -1 -1.000000 1 1
145 IN 146 161 4 11.620836 7 0
146 IN 147 152 1 0.493816 6 0
147 IN 148 149 2 104.000000 3 0
148 LN -1 -1 -1 -1.000000 1 0
149 IN 150 151 1 0.331909 2 0
150 LN -1 -1 -1 -1.000000 1 0
151 LN -1 -1 -1 -1.000000 1 1
152 IN 153 154 4 4.630000 5 0
153 LN -1 -1 -1 -1.000000 1 0
154 IN 155 156 4 6.740000 4 0
155 LN -1 -1 -1 -1.000000 1 1
156 IN 157 158 4 9.275000 3 0
157 LN -1 -1 -1 -1.000000 1 0
158 IN 159 160 2 104.000000 2 0
159 LN -1 -1 -1 -1.000000 1 0
160 LN -1 -1 -1 -1.000000 1 1
161 IN 162 173 4 21.950000 6 1
162 IN 163 166 3 150.500000 5 1
163 IN 164 165 1 0.161907 2 0
164 LN -1 -1 -1 -1.000000 1 1
165 LN -1 -1 -1 -1.000000 1 0
166 IN 167 168 2 98.500000 4 1
167 LN -1 -1 -1 -1.000000 1 0
168 IN 169 170 3 170.500000 3 1
169 LN -1 -1 -1 -1.000000 1 1
170 IN 171 172 2 115.000000 2 0
171 LN -1 -1 -1 -1.000000 1 0
172 LN -1 -1 -1 -1.000000 1 1
173 IN 174 175 1 0.681477 2 0
174 LN -1 -1 -1 -1.000000 1 1
175 LN -1 -1 -1 -1.000000 1 0
176 IN 177 228 4 8.297597 9 1
177 IN 178 179 0 1.991310 8 1
178 LN -1 -1 -1 -1.000000 1 1
179 IN 180 193 4 2.167678 7 1
180 IN 181 190 1 1.391760 5 0
181 IN 182 185 3 106.500000 4 0
182 IN 183 184 2 96.500000 2 0
183 LN -1 -1 -1 -1.000000 1 0
184 LN -1 -1 -1 -1.000000 1 1
185 IN 186 189 1 0.940593 3 0
186 IN 187 188 4 1.439652 2 0
187 LN -1 -1 -1 -1.000000 1 1
188 LN -1 -1 -1 -1.000000 1 0
189 LN -1 -1 -1 -1.000000 1 0
190 IN 191 192 1 1.448072 2 1
191 LN -1 -1 -1 -1.000000 1 1
192 LN -1 -1 -1 -1.000000 1 0
193 IN 194 209 1 1.171766 6 1
194 IN 195 196 2 81.500000 5 1
195 LN -1 -1 -1 -1.000000 1 0
196 IN 197 204 4 5.449021 4 1
197 IN 198 201 2 99.046516 3 1
198 IN 199 200 2 96.981201 2 1
199 LN -1 -1 -1 -1.000000 1 1
200 LN -1 -1 -1 -1.000000 1 1
201 IN 202 203 1 0.018015 2 1
202 LN -1 -1 -1 -1.000000 1 0
203 LN -1 -1 -1 -1.000000 1 1
204 IN 205 206 4 5.465156 3 1
205 LN -1 -1 -1 -1.000000 1 0
206 IN 207 208 2 105.955929 2 1
207 LN -1 -1 -1 -1.000000 1 1
208 LN -1 -1 -1 -1.000000 1 1
209 IN 210 223 3 152.560173 5 0
210 IN 211 216 2 100.034241 4 1
211 IN 212 215 1 1.649982 3 0
212 IN 213 214 1 1.538115 2 0
213 LN -1 -1 -1 -1.000000 1 0
214 LN -1 -1 -1 -1.000000 1 0
215 LN -1 -1 -1 -1.000000 1 1
216 IN 217 220 4 7.397761 3 1
217 IN 218 219 1 1.232357 2 1
218 LN -1 -1 -1 -1.000000 1 0
219 LN -1 -1 -1 -1.000000 1 1
220 IN 221 222 3 108.412819 2 1
221 LN -1 -1 -1 -1.000000 1 1
222 LN -1 -1 -1 -1.000000 1 0
223 IN 224 225 2 106.500000 3 0
224 LN -1 -1 -1 -1.000000 1 0
225 IN 226 227 4 4.860000 2 0
226 LN -1 -1 -1 -1.000000 1 1
227 LN -1 -1 -1 -1.000000 1 0
228 IN 229 282 3 138.047729 8 1
229 IN 230 281 4 25.000000 7 0
230 IN 231 256 4 12.630140 6 0
231 IN 232 247 4 11.671444 5 1
232 IN 233 240 3 106.964157 4 0
233 IN 234 237 1 0.194288 3 1
234 IN 235 236 3 104.041969 2 0
235 LN -1 -1 -1 -1.000000 1 0
236 LN -1 -1 -1 -1.000000 1 1
237 IN 238 239 3 106.139683 2 1
238 LN -1 -1 -1 -1.000000 1 1
239 LN -1 -1 -1 -1.000000 1 1
240 IN 241 244 1 0.308810 3 0
241 IN 242 243 4 11.419938 2 1
242 LN -1 -1 -1 -1.000000 1 1
243 LN -1 -1 -1 -1.000000 1 0
244 IN 245 246 1 1.061958 2 0
245 LN -1 -1 -1 -1.000000 1 0
246 LN -1 -1 -1 -1.000000 1 1
247 IN 248 249 2 90.657200 4 1
248 LN -1 -1 -1 -1.000000 1 0
249 IN 250 253 4 12.316614 3 1
250 IN 251 252 1 0.063331 2 1
251 LN -1 -1 -1 -1.000000 1 0
252 LN -1 -1 -1 -1.000000 1 1
253 IN 254 255 4 12.493326 2 1
254 LN -1 -1 -1 -1.000000 1 0
255 LN -1 -1 -1 -1.000000 1 1
256 IN 257 272 2 102.057213 5 0
257 IN 258 265 2 93.909283 4 0
258 IN 259 262 3 108.196838 3 0
259 IN 260 261 2 93.409283 2 0
260 LN -1 -1 -1 -1.000000 1 0
261 LN -1 -1 -1 -1.000000 1 1
262 IN 263 264 3 125.297756 2 1
263 LN -1 -1 -1 -1.000000 1 1
264 LN -1 -1 -1 -1.000000 1 0
265 IN 266 269 1 0.705763 3 0
266 IN 267 268 2 99.500000 2 0
267 LN -1 -1 -1 -1.000000 1 0
268 LN -1 -1 -1 -1.000000 1 0
269 IN 270 271 1 1.045408 2 0
270 LN -1 -1 -1 -1.000000 1 0
271 LN -1 -1 -1 -1.000000 1 0
272 IN 273 274 0 1.942131 4 1
273 LN -1 -1 -1 -1.000000 1 1
274 IN 275 278 1 0.541117 3 1
275 IN 276 277 4 14.521391 2 1
276 LN -1 -1 -1 -1.000000 1 0
277 LN -1 -1 -1 -1.000000 1 1
278 IN 279 280 4 14.854053 2 0
279 LN -1 -1 -1 -1.000000 1 0
280 LN -1 -1 -1 -1.000000 1 0
281 LN -1 -1 -1 -1.000000 1 0
282 IN 283 284 0 1.993643 7 1
283 LN -1 -1 -1 -1.000000 1 1
284 IN 285 298 1 0.727923 6 1
285 IN 286 297 4 25.205000 5 1
286 IN 287 292 4 18.470000 4 1
287 IN 288 291 2 126.500000 3 1
288 IN 289 290 2 101.063217 2 1
289 LN -1 -1 -1 -1.000000 1 1
290 LN -1 -1 -1 -1.000000 1 1
291 LN -1 -1 -1 -1.000000 1 0
292 IN 293 296 2 117.870625 3 1
293 IN 294 295 4 21.638976 2 0
294 LN -1 -1 -1 -1.000000 1 0
295 LN -1 -1 -1 -1.000000 1 1
296 LN -1 -1 -1 -1.000000 1 1
297 LN -1 -1 -1 -1.000000 1 0
298 IN 299 312 3 192.282089 5 1
299 IN 300 305 2 100.217628 4 1
300 IN 301 304 1 1.120757 3 0
301 IN 302 303 3 154.783775 2 0
302 LN -1 -1 -1 -1.000000 1 0
303 LN -1 -1 -1 -1.000000 1 0
304 LN -1 -1 -1 -1.000000 1 0
305 IN 306 309 3 156.500000 3 1
306 IN 307 308 1 0.754335 2 1
307 LN -1 -1 -1 -1.000000 1 0
308 LN -1 -1 -1 -1.000000 1 1
309 IN 310 311 3 171.472649 2 1
310 LN -1 -1 -1 -1.000000 1 0
311 LN -1 -1 -1 -1.000000 1 1
312 IN 313 316 4 13.990401 3 0
313 IN 314 315 4 11.355401 2 0
314 LN -1 -1 -1 -1.000000 1 0
315 LN -1 -1 -1 -1.000000 1 1
316 LN -1 -1 -1 -1.000000 1 0

[TREE 2]
NB_NODES: 463
0 IN 1 164 3 98.038860 11 1
1 IN 2 77 2 99.023251 10 0
2 IN 3 10 0 1.001832 9 0
3 IN 4 5 3 90.500000 4 0
4 LN -1 -1 -1 -1.000000 1 0
5 IN 6 7 1 0.671913 3 0
6 LN -1 -1 -1 -1.000000 1 0
7 IN 8 9 1 0.969973 2 0
8 LN -1 -1 -1 -1.000000 1 1
9 LN -1 -1 -1 -1.000000 1 0
10 IN 11 52 4 7.000000 8 0
11 IN 12 13 2 80.234867 7 0
12 LN -1 -1 -1 -1.000000 1 0
13 IN 14 29 1 0.655723 6 0
14 IN 15 16 3 68.146912 5 0
15 LN -1 -1 -1 -1.000000 1 0
16 IN 17 24 2 91.614861 4 1
17 IN 18 21 4 5.903402 3 1
18 IN 19 20 4 2.845915 2 1
19 LN -1 -1 -1 -1.000000 1 0
20 LN -1 -1 -1 -1.000000 1 1
21 IN 22 23 4 6.552461 2 0
22 LN -1 -1 -1 -1.000000 1 0
23 LN -1 -1 -1 -1.000000 1 1
24 IN 25 28 1 0.601333 3 0
25 IN 26 27 1 0.168534 2 0
26 LN -1 -1 -1 -1.000000 1 0
27 LN -1 -1 -1 -1.000000 1 0
28 LN -1 -1 -1 -1.000000 1 1
29 IN 30 45 4 4.726789 5 0
30 IN 31 38 3 80.500000 4 0
31 IN 32 35 1 0.814607 3 0
32 IN 33 34 2 82.341335 2 0
33 LN -1 -1 -1 -1.000000 1 1
34 LN -1 -1 -1 -1.000000 1 0
35 IN 36 37 4 2.865000 2 0
36 LN -1 -1 -1 -1.000000 1 0
37 LN -1 -1 -1 -1.000000 1 0
38 IN 39 42 2 84.500000 3 0
39 IN 40 41 1 1.034736 2 0
40 LN -1 -1 -1 -1.000000 1 0
41 LN -1 -1 -1 -1.000000 1 1
42 IN 43 44 1 1.366645 2 0
43 LN -1 -1 -1 -1.000000 1 0
44 LN -1 -1 -1 -1.000000 1 0
45 IN 46 47 0 1.909628 4 0
46 LN -1 -1 -1 -1.000000 1 1
47 IN 48 49 4 4.905000 3 0
48 LN -1 -1 -1 -1.000000 1 1
49 IN 50 51 3 54.745907 2 0
50 LN -1 -1 -1 -1.000000 1 1
51 LN -1 -1 -1 -1.000000 1 0
52 IN 53 54 0 1.843942 7 0
53 LN -1 -1 -1 -1.000000 1 1
54 IN 55 60 1 0.293268 6 0
55 IN 56 57 2 97.500000 3 0
56 LN -1 -1 -1 -1.000000 1 0
57 IN 58 59 3 87.000000 2 0
58 LN -1 -1 -1 -1.000000 1 1
59 LN -1 -1 -1 -1.000000 1 0
60 IN 61 68 2 93.904339 5 0
61 IN 62 67 2 93.131260 4 0
62 IN 63 66 3 97.194557 3 0
63 IN 64 65 3 94.500000 2 0
64 LN -1 -1 -1 -1.000000 1 0
65 LN -1 -1 -1 -1.000000 1 0
66 LN -1 -1 -1 -1.000000 1 1
67 LN -1 -1 -1 -1.000000 1 1
68 IN 69 76 4 9.216104 4 0
69 IN 70 73 1 0.604582 3 0
70 IN 71 72 4 7.872298 2 0
71 LN -1 -1 -1 -1.000000 1 1
72 LN -1 -1 -1 -1.000000 1 0
73 IN 74 75 1 1.227388 2 0
74 LN -1 -1 -1 -1.000000 1 0
75 LN -1 -1 -1 -1.000000 1 0
76 LN -1 -1 -1 -1.000000 1 0
77 IN 78 129 1 0.677158 9 0
78 IN 79 92 4 7.685000 8 1
79 IN 80 85 3 92.010815 5 0
80 IN 81 84 3 55.448853 3 0
81 IN 82 83 3 54.448853 2 0
82 LN -1 -1 -1 -1.000000 1 0
83 LN -1 -1 -1 -1.000000 1 1
84 LN -1 -1 -1 -1.000000 1 0
85 IN 86 87 0 1.500000 4 1
86 LN -1 -1 -1 -1.000000 1 0
87 IN 88 89 3 96.844536 3 1
88 LN -1 -1 -1 -1.000000 1 1
89 IN 90 91 2 104.500000 2 1
90 LN -1 -1 -1 -1.000000 1 1
91 LN -1 -1 -1 -1.000000 1 0
92 IN 93 124 2 112.500000 7 1
93 IN 94 103 1 0.113335 6 1
94 IN 95 96 4 7.995000 5 0
95 LN -1 -1 -1 -1.000000 1 1
96 IN 97 98 2 100.563549 4 0
97 LN -1 -1 -1 -1.000000 1 1
98 IN 99 102 1 0.076377 3 0
99 IN 100 101 4 9.124262 2 0
100 LN -1 -1 -1 -1.000000 1 1
101 LN -1 -1 -1 -1.000000 1 0
102 LN -1 -1 -1 -1.000000 1 0
103 IN 104 111 3 68.254345 5 1
104 IN 105 110 4 23.930001 4 1
105 IN 106 109 4 8.314661 3 1
106 IN 107 108 3 59.760973 2 1
107 LN -1 -1 -1 -1.000000 1 1
108 LN -1 -1 -1 -1.000000 1 0
109 LN -1 -1 -1 -1.000000 1 1
110 LN -1 -1 -1 -1.000000 1 0
111 IN 112 117 1 0.221563 4 1
112 IN 113 116 1 0.163442 3 1
113 IN 114 115 1 0.147184 2 1
114 LN -1 -1 -1 -1.000000 1 1
115 LN -1 -1 -1 -1.000000 1 0
116 LN -1 -1 -1 -1.000000 1 1
117 IN 118 121 2 101.500000 3 0
118 IN 119 120 4 11.080882 2 1
119 LN -1 -1 -1 -1.000000 1 1
120 LN -1 -1 -1 -1.000000 1 0
121 IN 122 123 3 73.000000 2 0
122 LN -1 -1 -1 -1.000000 1 1
123 LN -1 -1 -1 -1.000000 1 0
124 IN 125 128 3 77.999065 3 1
125 IN 126 127 4 13.350151 2 0
126 LN -1 -1 -1 -1.000000 1 1
127 LN -1 -1 -1 -1.000000 1 0
128 LN -1 -1 -1 -1.000000 1 1
129 IN 130 151 4 15.700984 7 0
130 IN 131 144 1 1.031498 5 0
131 IN 132 139 2 100.862728 4 0
132 IN 133 136 1 0.798079 3 1
133 IN 134 135 1 0.724216 2 0
134 LN -1 -1 -1 -1.000000 1 1
135 LN -1 -1 -1 -1.000000 1 0
136 IN 137 138 0 1.112351 2 1
137 LN -1 -1 -1 -1.000000 1 0
138 LN -1 -1 -1 -1.000000 1 1
139 IN 140 143 2 102.134125 3 0
140 IN 141 142 2 101.134125 2 0
141 LN -1 -1 -1 -1.000000 1 0
142 LN -1 -1 -1 -1.000000 1 1
143 LN -1 -1 -1 -1.000000 1 0
144 IN 145 146 2 99.740452 4 0
145 LN -1 -1 -1 -1.000000 1 1
146 IN 147 148 3 94.092964 3 0
147 LN -1 -1 -1 -1.000000 1 0
148 IN 149 150 2 118.592964 2 0
149 LN -1 -1 -1 -1.000000 1 0
150 LN -1 -1 -1 -1.000000 1 1
151 IN 152 153 4 18.159358 6 0
152 LN -1 -1 -1 -1.000000 1 1
153 IN 154 155 1 0.879971 5 0
154 LN -1 -1 -1 -1.000000 1 1
155 IN 156 159 4 18.363810 4 0
156 IN 157 158 4 18.303809 2 0
157 LN -1 -1 -1 -1.000000 1 0
158 LN -1 -1 -1 -1.000000 1 1
159 IN 160 161 2 113.000000 3 0
160 LN -1 -1 -1 -1.000000 1 0
161 IN 162 163 0 1.857745 2 1
162 LN -1 -1 -1 -1.000000 1 1
163 LN -1 -1 -1 -1.000000 1 0
164 IN 165 256 4 6.895000 10 1
165 IN 166 227 1 1.032481 9 1
166 IN 167 186 1 0.080541 8 1
167 IN 168 175 1 0.032381 7 0
168 IN 169 174 1 0.016191 4 0
169 IN 170 173 2 97.500000 3 0
170 IN 171 172 3 126.500000 2 0
171 LN -1 -1 -1 -1.000000 1 0
172 LN -1 -1 -1 -1.000000 1 1
173 LN -1 -1 -1 -1.000000 1 0
174 LN -1 -1 -1 -1.000000 1 0
175 IN 176 185 4 6.785000 6 0
176 IN 177 184 3 138.430336 5 0
177 IN 178 179 0 1.474054 4 1
178 LN -1 -1 -1 -1.000000 1 0
179 IN 180 183 3 117.957756 3 1
180 IN 181 182 2 91.000000 2 0
181 LN -1 -1 -1 -1.000000 1 1
182 LN -1 -1 -1 -1.000000 1 0
183 LN -1 -1 -1 -1.000000 1 1
184 LN -1 -1 -1 -1.000000 1 0
185 LN -1 -1 -1 -1.000000 1 1
186 IN 187 218 3 161.176933 7 1
187 IN 188 205 0 1.022088 6 1
188 IN 189 198 1 0.370917 5 0
189 IN 190 195 1 0.267463 4 0
190 IN 191 192 4 5.270000 3 0
191 LN -1 -1 -1 -1.000000 1 0
192 IN 193 194 4 5.575000 2 0
193 LN -1 -1 -1 -1.000000 1 1
194 LN -1 -1 -1 -1.000000 1 0
195 IN 196 197 4 5.020000 2 1
196 LN -1 -1 -1 -1.000000 1 0
197 LN -1 -1 -1 -1.000000 1 1
198 IN 199 204 2 97.578037 4 0
199 IN 200 201 1 0.541493 3 0
200 LN -1 -1 -1 -1.000000 1 0
201 IN 202 203 2 85.112923 2 1
202 LN -1 -1 -1 -1.000000 1 0
203 LN -1 -1 -1 -1.000000 1 1
204 LN -1 -1 -1 -1.000000 1 0
205 IN 206 213 3 154.588715 5 1
206 IN 207 208 2 78.500000 4 1
207 LN -1 -1 -1 -1.000000 1 0
208 IN 209 210 0 1.991310 3 1
209 LN -1 -1 -1 -1.000000 1 1
210 IN 211 212 3 131.892067 2 1
211 LN -1 -1 -1 -1.000000 1 1
212 LN -1 -1 -1 -1.000000 1 1
213 IN 214 217 4 4.355000 3 0
214 IN 215 216 2 97.883945 2 0
215 LN -1 -1 -1 -1.000000 1 0
216 LN -1 -1 -1 -1.000000 1 1
217 LN -1 -1 -1 -1.000000 1 0
218 IN 219 224 1 0.864733 4 1
219 IN 220 221 2 106.282833 3 1
220 LN -1 -1 -1 -1.000000 1 1
221 IN 222 223 2 107.237297 2 1
222 LN -1 -1 -1 -1.000000 1 0
223 LN -1 -1 -1 -1.000000 1 1
224 IN 225 226 1 0.876274 2 1
225 LN -1 -1 -1 -1.000000 1 0
226 LN -1 -1 -1 -1.000000 1 1
227 IN 228 241 2 99.046516 8 1
228 IN 229 240 3 166.710312 7 0
229 IN 230 231 3 109.500000 6 0
230 LN -1 -1 -1 -1.000000 1 0
231 IN 232 239 3 134.864052 5 0
232 IN 233 238 1 1.538115 4 0
233 IN 234 237 3 128.615028 3 1
234 IN 235 236 4 2.325000 2 0
235 LN -1 -1 -1 -1.000000 1 0
236 LN -1 -1 -1 -1.000000 1 1
237 LN -1 -1 -1 -1.000000 1 1
238 LN -1 -1 -1 -1.000000 1 0
239 LN -1 -1 -1 -1.000000 1 0
240 LN -1 -1 -1 -1.000000 1 1
241 IN 242 245 2 100.865181 7 1
242 IN 243 244 0 1.443848 2 1
243 LN -1 -1 -1 -1.000000 1 0
244 LN -1 -1 -1 -1.000000 1 1
245 IN 246 247 3 107.272697 6 1
246 LN -1 -1 -1 -1.000000 1 1
247 IN 248 249 1 1.109062 5 1
248 LN -1 -1 -1 -1.000000 1 0
249 IN 250 255 4 5.860000 4 1
250 IN 251 254 3 185.447319 3 1
251 IN 252 253 2 102.824169 2 1
252 LN -1 -1 -1 -1.000000 1 1
253 LN -1 -1 -1 -1.000000 1 1
254 LN -1 -1 -1 -1.000000 1 0
255 LN -1 -1 -1 -1.000000 1 0
256 IN 257 364 2 102.014706 9 1
257 IN 258 327 4 12.849601 8 0
258 IN 259 292 2 97.074326 7 0
259 IN 260 275 3 110.905342 6 0
260 IN 261 266 0 1.055404 5 1
261 IN 262 265 1 0.209011 3 0
262 IN 263 264 1 0.080953 2 0
263 LN -1 -1 -1 -1.000000 1 0
264 LN -1 -1 -1 -1.000000 1 1
265 LN -1 -1 -1 -1.000000 1 0
266 IN 267 268 1 0.118019 4 1
267 LN -1 -1 -1 -1.000000 1 0
268 IN 269 272 2 94.973724 3 1
269 IN 270 271 2 91.088802 2 1
270 LN -1 -1 -1 -1.000000 1 0
271 LN -1 -1 -1 -1.000000 1 1
272 IN 273 274 3 103.500000 2 0
273 LN -1 -1 -1 -1.000000 1 0
274 LN -1 -1 -1 -1.000000 1 0
275 IN 276 283 2 94.258175 5 0
276 IN 277 282 4 12.542235 4 0
277 IN 278 279 2 91.157200 3 0
278 LN -1 -1 -1 -1.000000 1 0
279 IN 280 281 2 91.657200 2 0
280 LN -1 -1 -1 -1.000000 1 1
281 LN -1 -1 -1 -1.000000 1 0
282 LN -1 -1 -1 -1.000000 1 1
283 IN 284 285 3 123.000000 4 0
284 LN -1 -1 -1 -1.000000 1 0
285 IN 286 289 2 96.718636 3 1
286 IN 287 288 3 127.000000 2 1
287 LN -1 -1 -1 -1.000000 1 1
288 LN -1 -1 -1 -1.000000 1 1
289 IN 290 291 0 1.990288 2 0
290 LN -1 -1 -1 -1.000000 1 1
291 LN -1 -1 -1 -1.000000 1 0
292 IN 293 306 4 8.172673 6 1
293 IN 294 295 0 1.364426 5 1
294 LN -1 -1 -1 -1.000000 1 0
295 IN 296 301 1 0.851411 4 1
296 IN 297 300 1 0.209991 3 1
297 IN 298 299 3 109.200317 2 1
298 LN -1 -1 -1 -1.000000 1 0
299 LN -1 -1 -1 -1.000000 1 1
300 LN -1 -1 -1 -1.000000 1 1
301 IN 302 303 1 1.014179 3 0
302 LN -1 -1 -1 -1.000000 1 0
303 IN 304 305 1 1.151799 2 0
304 LN -1 -1 -1 -1.000000 1 1
305 LN -1 -1 -1 -1.000000 1 0
306 IN 307 314 3 115.924213 5 1
307 IN 308 313 3 104.930183 4 0
308 IN 309 312 2 100.045918 3 0
309 IN 310 311 3 102.500000 2 0
310 LN -1 -1 -1 -1.000000 1 0
311 LN -1 -1 -1 -1.000000 1 0
312 LN -1 -1 -1 -1.000000 1 1
313 LN -1 -1 -1 -1.000000 1 0
314 IN 315 320 1 0.176737 4 1
315 IN 316 319 1 0.175564 3 0
316 IN 317 318 3 187.909225 2 0
317 LN -1 -1 -1 -1.000000 1 0
318 LN -1 -1 -1 -1.000000 1 1
319 LN -1 -1 -1 -1.000000 1 0
320 IN 321 324 4 12.668398 3 1
321 IN 322 323 4 8.244431 2 1
322 LN -1 -1 -1 -1.000000 1 0
323 LN -1 -1 -1 -1.000000 1 1
324 IN 325 326 4 12.745467 2 0
325 LN -1 -1 -1 -1.000000 1 0
326 LN -1 -1 -1 -1.000000 1 1
327 IN 328 345 2 94.893925 7 0
328 IN 329 344 4 17.965000 6 0
329 IN 330 337 2 89.015652 5 1
330 IN 331 336 2 87.500000 4 0
331 IN 332 335 1 0.454808 3 0
332 IN 333 334 1 0.317187 2 0
333 LN -1 -1 -1 -1.000000 1 0
334 LN -1 -1 -1 -1.000000 1 1
335 LN -1 -1 -1 -1.000000 1 0
336 LN -1 -1 -1 -1.000000 1 0
337 IN 338 343 3 152.073044 4 1
338 IN 339 340 0 1.500000 3 1
339 LN -1 -1 -1 -1.000000 1 0
340 IN 341 342 3 134.468315 2 1
341 LN -1 -1 -1 -1.000000 1 1
342 LN -1 -1 -1 -1.000000 1 1
343 LN -1 -1 -1 -1.000000 1 0
344 LN -1 -1 -1 -1.000000 1 0
345 IN 346 359 2 101.110401 6 0
346 IN 347 348 3 129.000000 5 0
347 LN -1 -1 -1 -1.000000 1 0
348 IN 349 354 1 0.697668 4 0
349 IN 350 351 0 1.500000 3 0
350 LN -1 -1 -1 -1.000000 1 0
351 IN 352 353 3 131.164001 2 1
352 LN -1 -1 -1 -1.000000 1 1
353 LN -1 -1 -1 -1.000000 1 0
354 IN 355 358 4 15.065000 3 0
355 IN 356 357 2 100.000000 2 0
356 LN -1 -1 -1 -1.000000 1 0
357 LN -1 -1 -1 -1.000000 1 1
358 LN -1 -1 -1 -1.000000 1 0
359 IN 360 363 3 150.220802 3 0
360 IN 361 362 2 101.955585 2 0
361 LN -1 -1 -1 -1.000000 1 1
362 LN -1 -1 -1 -1.000000 1 0
363 LN -1 -1 -1 -1.000000 1 1
364 IN 365 446 4 24.298779 8 1
365 IN 366 407 1 0.842057 7 1
366 IN 367 382 1 0.116894 6 1
367 IN 368 375 4 9.330717 5 1
368 IN 369 374 2 105.504848 4 0
369 IN 370 371 0 1.500000 3 0
370 LN -1 -1 -1 -1.000000 1 0
371 IN 372 373 1 0.055199 2 1
372 LN -1 -1 -1 -1.000000 1 0
373 LN -1 -1 -1 -1.000000 1 1
374 LN -1 -1 -1 -1.000000 1 0
375 IN 376 381 2 126.000000 4 1
376 IN 377 380 1 0.110435 3 1
377 IN 378 379 1 0.048572 2 1
378 LN -1 -1 -1 -1.000000 1 1
379 LN -1 -1 -1 -1.000000 1 1
380 LN -1 -1 -1 -1.000000 1 0
381 LN -1 -1 -1 -1.000000 1 0
382 IN 383 398 3 140.147575 5 1
383 IN 384 391 2 114.752522 4 1
384 IN 385 388 3 128.402431 3 1
385 IN 386 387 0 1.165445 2 1
386 LN -1 -1 -1 -1.000000 1 0
387 LN -1 -1 -1 -1.000000 1 1
388 IN 389 390 2 110.307400 2 0
389 LN -1 -1 -1 -1.000000 1 0
390 LN -1 -1 -1 -1.000000 1 1
391 IN 392 395 3 128.559448 3 0
392 IN 393 394 2 134.073357 2 0
393 LN -1 -1 -1 -1.000000 1 0
394 LN -1 -1 -1 -1.000000 1 1
395 IN 396 397 1 0.445640 2 1
396 LN -1 -1 -1 -1.000000 1 1
397 LN -1 -1 -1 -1.000000 1 1
398 IN 399 406 2 129.946503 4 1
399 IN 400 403 1 0.439746 3 1
400 IN 401 402 1 0.437149 2 1
401 LN -1 -1 -1 -1.000000 1 1
402 LN -1 -1 -1 -1.000000 1 0
403 IN 404 405 4 18.914697 2 1
404 LN -1 -1 -1 -1.000000 1 1
405 LN -1 -1 -1 -1.000000 1 1
406 LN -1 -1 -1 -1.000000 1 0
407 IN 408 431 4 14.813795 6 1
408 IN 409 420 1 1.111218 5 1
409 IN 410 415 3 143.684288 4 0
410 IN 411 412 2 106.175488 3 0
411 LN -1 -1 -1 -1.000000 1 0
412 IN 413 414 3 105.938713 2 0
413 LN -1 -1 -1 -1.000000 1 1
414 LN -1 -1 -1 -1.000000 1 0
415 IN 416 419 2 106.336414 3 1
416 IN 417 418 1 0.976823 2 1
417 LN -1 -1 -1 -1.000000 1 0
418 LN -1 -1 -1 -1.000000 1 1
419 LN -1 -1 -1 -1.000000 1 1
420 IN 421 426 1 2.242276 4 1
421 IN 422 425 3 156.584068 3 1
422 IN 423 424 2 103.200329 2 1
423 LN -1 -1 -1 -1.000000 1 1
424 LN -1 -1 -1 -1.000000 1 1
425 LN -1 -1 -1 -1.000000 1 0
426 IN 427 430 3 129.460876 3 0
427 IN 428 429 2 108.008842 2 0
428 LN -1 -1 -1 -1.000000 1 0
429 LN -1 -1 -1 -1.000000 1 1
430 LN -1 -1 -1 -1.000000 1 1
431 IN 432 439 4 17.180656 5 0
432 IN 433 438 2 128.585045 4 0
433 IN 434 437 2 106.714340 3 0
434 IN 435 436 2 105.714340 2 0
435 LN -1 -1 -1 -1.000000 1 0
436 LN -1 -1 -1 -1.000000 1 1
437 LN -1 -1 -1 -1.000000 1 0
438 LN -1 -1 -1 -1.000000 1 1
439 IN 440 445 3 165.347504 4 1
440 IN 441 444 2 107.018970 3 1
441 IN 442 443 3 152.847504 2 0
442 LN -1 -1 -1 -1.000000 1 0
443 LN -1 -1 -1 -1.000000 1 1
444 LN -1 -1 -1 -1.000000 1 1
445 LN -1 -1 -1 -1.000000 1 0
446 IN 447 460 1 2.058094 5 0
447 IN 448 453 2 111.458969 4 0
448 IN 449 452 1 0.833573 3 0
449 IN 450 451 2 104.328999 2 0
450 LN -1 -1 -1 -1.000000 1 1
451 LN -1 -1 -1 -1.000000 1 0
452 LN -1 -1 -1 -1.000000 1 0
453 IN 454 457 1 1.097901 3 1
454 IN 455 456 2 114.458969 2 0
455 LN -1 -1 -1 -1.000000 1 1
456 LN -1 -1 -1 -1.000000 1 0
457 IN 458 459 4 32.409803 2 1
458 LN -1 -1 -1 -1.000000 1 1
459 LN -1 -1 -1 -1.000000 1 0
460 IN 461 462 4 30.551807 2 1
461 LN -1 -1 -1 -1.000000 1 0
462 LN -1 -1 -1 -1.000000 1 1

[TREE 3]
NB_NODES: 343
0 IN 1 68 0 1.002260 11 1
1 IN 2 51 3 149.500000 10 0
2 IN 3 46 2 113.000000 9 0
3 IN 4 33 4 9.410000 8 0
4 IN 5 28 1 0.760962 7 0
5 IN 6 27 3 136.000000 6 0
6 IN 7 18 1 0.524729 5 0
7 IN 8 13 2 108.000000 4 0
8 IN 9 12 4 4.645000 3 0
9 IN 10 11 4 4.560000 2 0
10 LN -1 -1 -1 -1.000000 1 0
11 LN -1 -1 -1 -1.000000 1 1
12 LN -1 -1 -1 -1.000000 1 0
13 IN 14 17 2 109.500000 3 0
14 IN 15 16 1 0.218574 2 1
15 LN -1 -1 -1 -1.000000 1 1
16 LN -1 -1 -1 -1.000000 1 0
17 LN -1 -1 -1 -1.000000 1 0
18 IN 19 24 4 8.375000 4 0
19 IN 20 23 2 95.000000 3 0
20 IN 21 22 2 92.612923 2 0
21 LN -1 -1 -1 -1.000000 1 0
22 LN -1 -1 -1 -1.000000 1 0
23 LN -1 -1 -1 -1.000000 1 0
24 IN 25 26 3 91.500000 2 1
25 LN -1 -1 -1 -1.000000 1 1
26 LN -1 -1 -1 -1.000000 1 0
27 LN -1 -1 -1 -1.000000 1 1
28 IN 29 30 3 134.000000 3 0
29 LN -1 -1 -1 -1.000000 1 0
30 IN 31 32 3 135.500000 2 0
31 LN -1 -1 -1 -1.000000 1 1
32 LN -1 -1 -1 -1.000000 1 0
33 IN 34 41 1 0.129525 5 0
34 IN 35 36 2 102.500000 4 0
35 LN -1 -1 -1 -1.000000 1 0
36 IN 37 40 2 106.500000 3 0
37 IN 38 39 3 101.000000 2 0
38 LN -1 -1 -1 -1.000000 1 0
39 LN -1 -1 -1 -1.000000 1 1
40 LN -1 -1 -1 -1.000000 1 0
41 IN 42 45 2 84.000000 3 0
42 IN 43 44 3 113.500000 2 0
43 LN -1 -1 -1 -1.000000 1 0
44 LN -1 -1 -1 -1.000000 1 1
45 LN -1 -1 -1 -1.000000 1 0
46 IN 47 50 3 96.500000 3 0
47 IN 48 49 4 13.380000 2 1
48 LN -1 -1 -1 -1.000000 1 0
49 LN -1 -1 -1 -1.000000 1 1
50 LN -1 -1 -1 -1.000000 1 0
51 IN 52 53 2 97.000000 7 1
52 LN -1 -1 -1 -1.000000 1 0
53 IN 54 55 3 160.471794 6 1
54 LN -1 -1 -1 -1.000000 1 1
55 IN 56 61 2 102.500000 5 1
56 IN 57 60 3 164.000000 3 1
57 IN 58 59 3 162.000000 2 0
58 LN -1 -1 -1 -1.000000 1 1
59 LN -1 -1 -1 -1.000000 1 0
60 LN -1 -1 -1 -1.000000 1 1
61 IN 62 67 1 0.582865 4 0
62 IN 63 66 1 0.214667 3 1
63 IN 64 65 2 115.500000 2 0
64 LN -1 -1 -1 -1.000000 1 0
65 LN -1 -1 -1 -1.000000 1 1
66 LN -1 -1 -1 -1.000000 1 1
67 LN -1 -1 -1 -1.000000 1 0
68 IN 69 242 3 122.018032 10 1
69 IN 70 163 2 101.034187 9 0
70 IN 71 72 0 1.989987 8 0
71 LN -1 -1 -1 -1.000000 1 1
72 IN 73 120 3 90.000938 7 0
73 IN 74 91 4 4.865000 6 0
74 IN 75 84 3 80.814976 5 0
75 IN 76 81 1 0.957927 4 0
76 IN 77 78 3 67.000000 3 1
77 LN -1 -1 -1 -1.000000 1 0
78 IN 79 80 3 75.424229 2 1
79 LN -1 -1 -1 -1.000000 1 1
80 LN -1 -1 -1 -1.000000 1 1
81 IN 82 83 2 93.742474 2 0
82 LN -1 -1 -1 -1.000000 1 0
83 LN -1 -1 -1 -1.000000 1 1
84 IN 85 90 3 82.500000 4 0
85 IN 86 87 4 3.615000 3 0
86 LN -1 -1 -1 -1.000000 1 0
87 IN 88 89 2 90.000000 2 0
88 LN -1 -1 -1 -1.000000 1 1
89 LN -1 -1 -1 -1.000000 1 0
90 LN -1 -1 -1 -1.000000 1 0
91 IN 92 105 4 9.093873 5 0
92 IN 93 98 4 6.597461 4 0
93 IN 94 97 3 89.255413 3 0
94 IN 95 96 2 86.111099 2 0
95 LN -1 -1 -1 -1.000000 1 0
96 LN -1 -1 -1 -1.000000 1 0
97 LN -1 -1 -1 -1.000000 1 1
98 IN 99 102 3 57.058701 3 0
99 IN 100 101 1 0.880656 2 0
100 LN -1 -1 -1 -1.000000 1 1
101 LN -1 -1 -1 -1.000000 1 0
102 IN 103 104 2 100.328373 2 0
103 LN -1 -1 -1 -1.000000 1 0
104 LN -1 -1 -1 -1.000000 1 0
105 IN 106 113 4 9.307403 4 0
106 IN 107 110 3 76.000000 3 1
107 IN 108 109 3 72.659298 2 0
108 LN -1 -1 -1 -1.000000 1 1
109 LN -1 -1 -1 -1.000000 1 0
110 IN 111 112 2 91.500000 2 1
111 LN -1 -1 -1 -1.000000 1 1
112 LN -1 -1 -1 -1.000000 1 0
113 IN 114 117 1 1.137967 3 0
114 IN 115 116 2 97.500000 2 0
115 LN -1 -1 -1 -1.000000 1 0
116 LN -1 -1 -1 -1.000000 1 0
117 IN 118 119 2 84.199451 2 0
118 LN -1 -1 -1 -1.000000 1 1
119 LN -1 -1 -1 -1.000000 1 0
120 IN 121 144 1 0.677158 6 0
121 IN 122 135 4 9.686631 5 1
122 IN 123 130 3 119.884819 4 1
123 IN 124 127 1 0.148946 3 1
124 IN 125 126 2 99.094776 2 0
125 LN -1 -1 -1 -1.000000 1 0
126 LN -1 -1 -1 -1.000000 1 1
127 IN 128 129 3 96.116604 2 1
128 LN -1 -1 -1 -1.000000 1 0
129 LN -1 -1 -1 -1.000000 1 1
130 IN 131 134 2 88.276466 3 0
131 IN 132 133 1 0.549395 2 0
132 LN -1 -1 -1 -1.000000 1 1
133 LN -1 -1 -1 -1.000000 1 0
134 LN -1 -1 -1 -1.000000 1 0
135 IN 136 137 2 89.500000 4 0
136 LN -1 -1 -1 -1.000000 1 0
137 IN 138 141 1 0.639532 3 0
138 IN 139 140 4 15.914762 2 0
139 LN -1 -1 -1 -1.000000 1 0
140 LN -1 -1 -1 -1.000000 1 0
141 IN 142 143 4 17.429999 2 1
142 LN -1 -1 -1 -1.000000 1 1
143 LN -1 -1 -1 -1.000000 1 0
144 IN 145 154 3 110.211880 5 0
145 IN 146 153 4 11.955000 4 0
146 IN 147 150 1 1.507823 3 0
147 IN 148 149 2 84.341869 2 0
148 LN -1 -1 -1 -1.000000 1 1
149 LN -1 -1 -1 -1.000000 1 0
150 IN 151 152 4 9.920000 2 0
151 LN -1 -1 -1 -1.000000 1 0
152 LN -1 -1 -1 -1.000000 1 0
153 LN -1 -1 -1 -1.000000 1 0
154 IN 155 162 4 17.545000 4 1
155 IN 156 159 4 11.798774 3 1
156 IN 157 158 4 4.970268 2 0
157 LN -1 -1 -1 -1.000000 1 1
158 LN -1 -1 -1 -1.000000 1 0
159 IN 160 161 1 1.270142 2 1
160 LN -1 -1 -1 -1.000000 1 1
161 LN -1 -1 -1 -1.000000 1 1
162 LN -1 -1 -1 -1.000000 1 0
163 IN 164 205 1 0.677997 8 1
164 IN 165 184 2 106.853081 7 1
165 IN 166 167 3 48.637560 6 1
166 LN -1 -1 -1 -1.000000 1 0
167 IN 168 173 3 70.443275 5 1
168 IN 169 172 3 62.102219 3 1
169 IN 170 171 3 61.942659 2 1
170 LN -1 -1 -1 -1.000000 1 1
171 LN -1 -1 -1 -1.000000 1 0
172 LN -1 -1 -1 -1.000000 1 1
173 IN 174 179 2 105.079651 4 1
174 IN 175 176 4 5.675660 3 1
175 LN -1 -1 -1 -1.000000 1 1
176 IN 177 178 2 103.966492 2 1
177 LN -1 -1 -1 -1.000000 1 1
178 LN -1 -1 -1 -1.000000 1 0
179 IN 180 183 4 8.574426 3 1
180 IN 181 182 3 105.783909 2 0
181 LN -1 -1 -1 -1.000000 1 0
182 LN -1 -1 -1 -1.000000 1 1
183 LN -1 -1 -1 -1.000000 1 1
184 IN 185 204 3 118.000000 6 1
185 IN 186 193 2 108.029381 5 1
186 IN 187 188 4 12.620852 4 0
187 LN -1 -1 -1 -1.000000 1 0
188 IN 189 190 1 0.178098 3 0
189 LN -1 -1 -1 -1.000000 1 0
190 IN 191 192 4 22.990000 2 1
191 LN -1 -1 -1 -1.000000 1 1
192 LN -1 -1 -1 -1.000000 1 0
193 IN 194 197 2 109.981537 4 1
194 IN 195 196 1 0.499976 2 1
195 LN -1 -1 -1 -1.000000 1 1
196 LN -1 -1 -1 -1.000000 1 0
197 IN 198 201 2 119.152332 3 1
198 IN 199 200 4 17.686543 2 0
199 LN -1 -1 -1 -1.000000 1 0
200 LN -1 -1 -1 -1.000000 1 1
201 IN 202 203 2 126.000000 2 1
202 LN -1 -1 -1 -1.000000 1 1
203 LN -1 -1 -1 -1.000000 1 0
204 LN -1 -1 -1 -1.000000 1 0
205 IN 206 215 3 91.535099 7 0
206 IN 207 208 2 101.565922 5 0
207 LN -1 -1 -1 -1.000000 1 1
208 IN 209 210 2 108.133942 4 0
209 LN -1 -1 -1 -1.000000 1 0
210 IN 211 212 2 110.500000 3 0
211 LN -1 -1 -1 -1.000000 1 1
212 IN 213 214 1 1.482916 2 0
213 LN -1 -1 -1 -1.000000 1 0
214 LN -1 -1 -1 -1.000000 1 1
215 IN 216 237 4 22.120000 6 1
216 IN 217 224 2 103.464012 5 1
217 IN 218 223 4 15.919358 4 0
218 IN 219 222 3 119.955585 3 0
219 IN 220 221 1 0.779232 2 0
220 LN -1 -1 -1 -1.000000 1 0
221 LN -1 -1 -1 -1.000000 1 0
222 LN -1 -1 -1 -1.000000 1 1
223 LN -1 -1 -1 -1.000000 1 1
224 IN 225 232 3 107.912819 4 1
225 IN 226 229 3 102.076038 3 1
226 IN 227 228 2 110.178368 2 1
227 LN -1 -1 -1 -1.000000 1 1
228 LN -1 -1 -1 -1.000000 1 1
229 IN 230 231 1 1.448776 2 1
230 LN -1 -1 -1 -1.000000 1 1
231 LN -1 -1 -1 -1.000000 1 1
232 IN 233 236 4 15.130000 3 0
233 IN 234 235 0 1.991156 2 0
234 LN -1 -1 -1 -1.000000 1 1
235 LN -1 -1 -1 -1.000000 1 0
236 LN -1 -1 -1 -1.000000 1 1
237 IN 238 241 1 1.169269 3 0
238 IN 239 240 3 98.371246 2 0
239 LN -1 -1 -1 -1.000000 1 1
240 LN -1 -1 -1 -1.000000 1 0
241 LN -1 -1 -1 -1.000000 1 0
242 IN 243 284 2 92.011745 9 1
243 IN 244 261 2 88.919655 8 0
244 IN 245 246 2 81.500000 7 1
245 LN -1 -1 -1 -1.000000 1 0
246 IN 247 252 3 139.302910 6 1
247 IN 248 249 2 86.946033 3 1
248 LN -1 -1 -1 -1.000000 1 1
249 IN 250 251 4 14.750000 2 1
250 LN -1 -1 -1 -1.000000 1 1
251 LN -1 -1 -1 -1.000000 1 0
252 IN 253 260 1 1.894310 5 1
253 IN 254 259 3 159.197151 4 1
254 IN 255 258 3 142.000000 3 0
255 IN 256 257 4 6.560000 2 1
256 LN -1 -1 -1 -1.000000 1 1
257 LN -1 -1 -1 -1.000000 1 0
258 LN -1 -1 -1 -1.000000 1 0
259 LN -1 -1 -1 -1.000000 1 1
260 LN -1 -1 -1 -1.000000 1 0
261 IN 262 279 1 0.963706 7 0
262 IN 263 270 2 91.111267 6 0
263 IN 264 269 4 5.118271 4 0
264 IN 265 268 4 4.303016 3 0
265 IN 266 267 1 0.178098 2 0
266 LN -1 -1 -1 -1.000000 1 1
267 LN -1 -1 -1 -1.000000 1 0
268 LN -1 -1 -1 -1.000000 1 1
269 LN -1 -1 -1 -1.000000 1 0
270 IN 271 272 1 0.610604 5 1
271 LN -1 -1 -1 -1.000000 1 1
272 IN 273 274 3 124.500000 4 0
273 LN -1 -1 -1 -1.000000 1 1
274 IN 275 276 2 91.622925 3 0
275 LN -1 -1 -1 -1.000000 1 1
276 IN 277 278 4 5.430000 2 0
277 LN -1 -1 -1 -1.000000 1 0
278 LN -1 -1 -1 -1.000000 1 0
279 IN 280 283 3 126.360004 3 0
280 IN 281 282 4 10.481994 2 0
281 LN -1 -1 -1 -1.000000 1 0
282 LN -1 -1 -1 -1.000000 1 1
283 LN -1 -1 -1 -1.000000 1 0
284 IN 285 326 4 24.168542 8 1
285 IN 286 307 1 1.627164 7 1
286 IN 287 288 0 1.991310 6 1
287 LN -1 -1 -1 -1.000000 1 1
288 IN 289 304 2 127.706680 5 1
289 IN 290 297 1 0.823904 4 1
290 IN 291 294 1 0.682454 3 1
291 IN 292 293 3 149.091995 2 1
292 LN -1 -1 -1 -1.000000 1 1
293 LN -1 -1 -1 -1.000000 1 1
294 IN 295 296 2 103.096001 2 1
295 LN -1 -1 -1 -1.000000 1 1
296 LN -1 -1 -1 -1.000000 1 1
297 IN 298 301 4 5.353230 3 1
298 IN 299 300 4 1.830000 2 1
299 LN -1 -1 -1 -1.000000 1 0
300 LN -1 -1 -1 -1.000000 1 1
301 IN 302 303 3 142.238693 2 1
302 LN -1 -1 -1 -1.000000 1 0
303 LN -1 -1 -1 -1.000000 1 1
304 IN 305 306 4 8.471552 2 0
305 LN -1 -1 -1 -1.000000 1 1
306 LN -1 -1 -1 -1.000000 1 0
307 IN 308 317 1 1.924969 6 0
308 IN 309 316 3 151.500000 5 0
309 IN 310 311 2 95.500000 4 1
310 LN -1 -1 -1 -1.000000 1 0
311 IN 312 315 1 1.887683 3 1
312 IN 313 314 4 13.116774 2 1
313 LN -1 -1 -1 -1.000000 1 1
314 LN -1 -1 -1 -1.000000 1 0
315 LN -1 -1 -1 -1.000000 1 0
316 LN -1 -1 -1 -1.000000 1 0
317 IN 318 325 4 16.919143 5 0
318 IN 319 320 3 132.965088 4 1
319 LN -1 -1 -1 -1.000000 1 0
320 IN 321 322 1 3.164876 3 1
321 LN -1 -1 -1 -1.000000 1 1
322 IN 323 324 1 3.385322 2 0
323 LN -1 -1 -1 -1.000000 1 0
324 LN -1 -1 -1 -1.000000 1 1
325 LN -1 -1 -1 -1.000000 1 0
326 IN 327 332 3 140.498665 6 0
327 IN 328 331 4 25.968264 3 0
328 IN 329 330 1 0.647846 2 0
329 LN -1 -1 -1 -1.000000 1 0
330 LN -1 -1 -1 -1.000000 1 1
331 LN -1 -1 -1 -1.000000 1 0
332 IN 333 340 2 116.000000 5 1
333 IN 334 335 0 1.921809 4 0
334 LN -1 -1 -1 -1.000000 1 1
335 IN 336 339 3 160.500000 3 0
336 IN 337 338 3 158.000000 2 0
337 LN -1 -1 -1 -1.000000 1 0
338 LN -1 -1 -1 -1.000000 1 1
339 LN -1 -1 -1 -1.000000 1 0
340 IN 341 342 3 194.500000 2 1
341 LN -1 -1 -1 -1.000000 1 1
342 LN -1 -1 -1 -1.000000 1 0

[TREE 4]
NB_NODES: 409
0 IN 1 192 2 98.016693 11 1
1 IN 2 97 3 98.038860 10 0
2 IN 3 4 0 1.059181 9 0
3 LN -1 -1 -1 -1.000000 1 0
4 IN 5 56 4 6.631584 8 0
5 IN 6 43 2 95.140057 7 0
6 IN 7 20 3 68.146912 6 0
7 IN 8 15 3 54.272657 5 0
8 IN 9 14 3 53.272657 4 0
9 IN 10 11 3 46.500000 3 0
10 LN -1 -1 -1 -1.000000 1 0
11 IN 12 13 4 5.985000 2 0
12 LN -1 -1 -1 -1.000000 1 0
13 LN -1 -1 -1 -1.000000 1 1
14 LN -1 -1 -1 -1.000000 1 1
15 IN 16 19 2 84.500000 3 0
16 IN 17 18 3 66.500000 2 0
17 LN -1 -1 -1 -1.000000 1 0
18 LN -1 -1 -1 -1.000000 1 1
19 LN -1 -1 -1 -1.000000 1 0
20 IN 21 34 1 0.689428 5 0
21 IN 22 29 4 5.399835 4 1
22 IN 23 26 4 3.896164 3 1
23 IN 24 25 3 79.484360 2 0
24 LN -1 -1 -1 -1.000000 1 1
25 LN -1 -1 -1 -1.000000 1 0
26 IN 27 28 3 96.508148 2 1
27 LN -1 -1 -1 -1.000000 1 1
28 LN -1 -1 -1 -1.000000 1 0
29 IN 30 33 3 92.500000 3 0
30 IN 31 32 1 0.136134 2 0
31 LN -1 -1 -1 -1.000000 1 0
32 LN -1 -1 -1 -1.000000 1 0
33 LN -1 -1 -1 -1.000000 1 0
34 IN 35 42 2 94.878868 4 0
35 IN 36 39 3 78.994984 3 0
36 IN 37 38 3 76.033802 2 0
37 LN -1 -1 -1 -1.000000 1 0
38 LN -1 -1 -1 -1.000000 1 1
39 IN 40 41 2 91.493187 2 0
40 LN -1 -1 -1 -1.000000 1 0
41 LN -1 -1 -1 -1.000000 1 0
42 LN -1 -1 -1 -1.000000 1 0
43 IN 44 53 2 96.963268 6 1
44 IN 45 46 3 68.422386 5 1
45 LN -1 -1 -1 -1.000000 1 0
46 IN 47 48 1 0.157872 4 1
47 LN -1 -1 -1 -1.000000 1 0
48 IN 49 50 3 83.314976 3 1
49 LN -1 -1 -1 -1.000000 1 1
50 IN 51 52 4 5.229884 2 1
51 LN -1 -1 -1 -1.000000 1 0
52 LN -1 -1 -1 -1.000000 1 1
53 IN 54 55 4 6.046831 2 0
54 LN -1 -1 -1 -1.000000 1 0
55 LN -1 -1 -1 -1.000000 1 1
56 IN 57 74 1 1.168284 7 0
57 IN 58 59 0 1.559181 6 0
58 LN -1 -1 -1 -1.000000 1 1
59 IN 60 67 3 96.139332 5 0
60 IN 61 66 4 11.260000 4 0
61 IN 62 65 4 11.175000 3 0
62 IN 63 64 1 0.317618 2 0
63 LN -1 -1 -1 -1.000000 1 0
64 LN -1 -1 -1 -1.000000 1 0
65 LN -1 -1 -1 -1.000000 1 1
66 LN -1 -1 -1 -1.000000 1 0
67 IN 68 71 4 10.106759 3 0
68 IN 69 70 2 93.000000 2 1
69 LN -1 -1 -1 -1.000000 1 1
70 LN -1 -1 -1 -1.000000 1 0
71 IN 72 73 3 96.639332 2 0
72 LN -1 -1 -1 -1.000000 1 1
73 LN -1 -1 -1 -1.000000 1 0
74 IN 75 76 4 8.536684 6 0
75 LN -1 -1 -1 -1.000000 1 0
76 IN 77 90 4 11.955000 5 0
77 IN 78 83 4 8.978873 4 1
78 IN 79 80 4 8.656683 3 0
79 LN -1 -1 -1 -1.000000 1 1
80 IN 81 82 1 1.184475 2 0
81 LN -1 -1 -1 -1.000000 1 1
82 LN -1 -1 -1 -1.000000 1 0
83 IN 84 87 2 87.548840 3 1
84 IN 85 86 3 72.500000 2 0
85 LN -1 -1 -1 -1.000000 1 0
86 LN -1 -1 -1 -1.000000 1 0
87 IN 88 89 4 10.348605 2 1
88 LN -1 -1 -1 -1.000000 1 1
89 LN -1 -1 -1 -1.000000 1 1
90 IN 91 96 3 79.878689 4 0
91 IN 92 95 1 2.648646 3 0
92 IN 93 94 4 16.358776 2 0
93 LN -1 -1 -1 -1.000000 1 1
94 LN -1 -1 -1 -1.000000 1 0
95 LN -1 -1 -1 -1.000000 1 1
96 LN -1 -1 -1 -1.000000 1 0
97 IN 98 177 2 97.957756 9 1
98 IN 99 144 4 7.199159 8 1
99 IN 100 135 3 163.197151 7 1
100 IN 101 124 1 1.017573 6 1
101 IN 102 111 0 1.049312 5 1
102 IN 103 104 4 2.680000 4 0
103 LN -1 -1 -1 -1.000000 1 1
104 IN 105 108 1 0.533397 3 0
105 IN 106 107 2 91.500000 2 0
106 LN -1 -1 -1 -1.000000 1 0
107 LN -1 -1 -1 -1.000000 1 0
108 IN 109 110 4 3.110304 2 1
109 LN -1 -1 -1 -1.000000 1 0
110 LN -1 -1 -1 -1.000000 1 1
111 IN 112 119 2 96.981201 4 1
112 IN 113 116 4 3.427945 3 1
113 IN 114 115 2 90.500000 2 1
114 LN -1 -1 -1 -1.000000 1 1
115 LN -1 -1 -1 -1.000000 1 0
116 IN 117 118 2 91.010014 2 1
117 LN -1 -1 -1 -1.000000 1 1
118 LN -1 -1 -1 -1.000000 1 1
119 IN 120 121 0 1.900385 3 0
120 LN -1 -1 -1 -1.000000 1 1
121 IN 122 123 2 97.104187 2 0
122 LN -1 -1 -1 -1.000000 1 0
123 LN -1 -1 -1 -1.000000 1 1
124 IN 125 134 2 97.357262 5 0
125 IN 126 133 2 93.500000 4 0
126 IN 127 130 2 92.102734 3 0
127 IN 128 129 2 86.694729 2 0
128 LN -1 -1 -1 -1.000000 1 0
129 LN -1 -1 -1 -1.000000 1 0
130 IN 131 132 3 107.500000 2 1
131 LN -1 -1 -1 -1.000000 1 0
132 LN -1 -1 -1 -1.000000 1 1
133 LN -1 -1 -1 -1.000000 1 0
134 LN -1 -1 -1 -1.000000 1 1
135 IN 136 139 4 2.516778 4 1
136 IN 137 138 1 1.335093 2 0
137 LN -1 -1 -1 -1.000000 1 0
138 LN -1 -1 -1 -1.000000 1 1
139 IN 140 141 1 0.862718 3 1
140 LN -1 -1 -1 -1.000000 1 1
141 IN 142 143 3 194.000000 2 1
142 LN -1 -1 -1 -1.000000 1 1
143 LN -1 -1 -1 -1.000000 1 0
144 IN 145 176 4 17.599999 7 0
145 IN 146 175 2 97.074326 6 0
146 IN 147 162 3 123.500000 5 0
147 IN 148 155 2 94.973724 4 0
148 IN 149 152 3 113.671841 3 1
149 IN 150 151 1 0.491322 2 1
150 LN -1 -1 -1 -1.000000 1 0
151 LN -1 -1 -1 -1.000000 1 1
152 IN 153 154 2 93.500000 2 0
153 LN -1 -1 -1 -1.000000 1 0
154 LN -1 -1 -1 -1.000000 1 1
155 IN 156 159 1 1.805261 3 0
156 IN 157 158 3 113.500000 2 0
157 LN -1 -1 -1 -1.000000 1 0
158 LN -1 -1 -1 -1.000000 1 0
159 IN 160 161 2 95.500000 2 0
160 LN -1 -1 -1 -1.000000 1 1
161 LN -1 -1 -1 -1.000000 1 0
162 IN 163 170 3 151.500000 4 1
163 IN 164 167 2 91.111267 3 1
164 IN 165 166 2 90.286545 2 0
165 LN -1 -1 -1 -1.000000 1 0
166 LN -1 -1 -1 -1.000000 1 0
167 IN 168 169 1 0.102072 2 1
168 LN -1 -1 -1 -1.000000 1 0
169 LN -1 -1 -1 -1.000000 1 1
170 IN 171 172 2 94.096485 3 0
171 LN -1 -1 -1 -1.000000 1 0
172 IN 173 174 2 96.500000 2 1
173 LN -1 -1 -1 -1.000000 1 1
174 LN -1 -1 -1 -1.000000 1 0
175 LN -1 -1 -1 -1.000000 1 1
176 LN -1 -1 -1 -1.000000 1 0
177 IN 178 191 1 0.532824 8 0
178 IN 179 190 3 148.000000 7 0
179 IN 180 181 3 119.667870 6 0
180 LN -1 -1 -1 -1.000000 1 0
181 IN 182 183 4 5.140957 5 0
182 LN -1 -1 -1 -1.000000 1 0
183 IN 184 189 1 0.376210 4 1
184 IN 185 186 1 0.121430 3 0
185 LN -1 -1 -1 -1.000000 1 0
186 IN 187 188 1 0.276710 2 0
187 LN -1 -1 -1 -1.000000 1 1
188 LN -1 -1 -1 -1.000000 1 0
189 LN -1 -1 -1 -1.000000 1 1
190 LN -1 -1 -1 -1.000000 1 1
191 LN -1 -1 -1 -1.000000 1 0
192 IN 193 316 1 0.871960 10 1
193 IN 194 257 3 121.017094 9 1
194 IN 195 216 0 1.045305 8 1
195 IN 196 215 1 0.534293 7 0
196 IN 197 200 3 59.000000 6 0
197 IN 198 199 2 103.000000 2 0
198 LN -1 -1 -1 -1.000000 1 1
199 LN -1 -1 -1 -1.000000 1 0
200 IN 201 206 4 5.625000 5 0
201 IN 202 205 1 0.234765 3 0
202 IN 203 204 4 4.995000 2 0
203 LN -1 -1 -1 -1.000000 1 0
204 LN -1 -1 -1 -1.000000 1 1
205 LN -1 -1 -1 -1.000000 1 0
206 IN 207 212 2 114.385494 4 0
207 IN 208 211 3 89.500000 3 0
208 IN 209 210 2 102.500000 2 0
209 LN -1 -1 -1 -1.000000 1 0
210 LN -1 -1 -1 -1.000000 1 0
211 LN -1 -1 -1 -1.000000 1 0
212 IN 213 214 1 0.367679 2 0
213 LN -1 -1 -1 -1.000000 1 0
214 LN -1 -1 -1 -1.000000 1 1
215 LN -1 -1 -1 -1.000000 1 0
216 IN 217 222 1 0.067333 7 1
217 IN 218 221 1 0.011124 3 0
218 IN 219 220 2 106.500000 2 0
219 LN -1 -1 -1 -1.000000 1 1
220 LN -1 -1 -1 -1.000000 1 0
221 LN -1 -1 -1 -1.000000 1 0
222 IN 223 238 3 90.150341 6 1
223 IN 224 231 3 70.500000 5 0
224 IN 225 226 4 5.983700 4 1
225 LN -1 -1 -1 -1.000000 1 0
226 IN 227 228 3 53.448853 3 1
227 LN -1 -1 -1 -1.000000 1 0
228 IN 229 230 4 24.423542 2 1
229 LN -1 -1 -1 -1.000000 1 1
230 LN -1 -1 -1 -1.000000 1 0
231 IN 232 233 0 1.637948 4 0
232 LN -1 -1 -1 -1.000000 1 1
233 IN 234 235 1 0.397407 3 0
234 LN -1 -1 -1 -1.000000 1 0
235 IN 236 237 2 112.951267 2 0
236 LN -1 -1 -1 -1.000000 1 0
237 LN -1 -1 -1 -1.000000 1 1
238 IN 239 242 2 99.063549 5 1
239 IN 240 241 2 98.920666 2 0
240 LN -1 -1 -1 -1.000000 1 1
241 LN -1 -1 -1 -1.000000 1 0
242 IN 243 250 4 5.493991 4 1
243 IN 244 247 4 3.355000 3 1
244 IN 245 246 1 0.510824 2 1
245 LN -1 -1 -1 -1.000000 1 0
246 LN -1 -1 -1 -1.000000 1 1
247 IN 248 249 3 107.969471 2 1
248 LN -1 -1 -1 -1.000000 1 1
249 LN -1 -1 -1 -1.000000 1 0
250 IN 251 254 3 107.810322 3 1
251 IN 252 253 3 103.072781 2 1
252 LN -1 -1 -1 -1.000000 1 1
253 LN -1 -1 -1 -1.000000 1 1
254 IN 255 256 3 114.419117 2 1
255 LN -1 -1 -1 -1.000000 1 0
256 LN -1 -1 -1 -1.000000 1 1
257 IN 258 313 2 126.314289 8 1
258 IN 259 286 3 140.147575 7 1
259 IN 260 265 0 1.041254 6 1
260 IN 261 264 4 6.505000 3 0
261 IN 262 263 4 5.315000 2 0
262 LN -1 -1 -1 -1.000000 1 0
263 LN -1 -1 -1 -1.000000 1 1
264 LN -1 -1 -1 -1.000000 1 0
265 IN 266 275 2 104.988548 5 1
266 IN 267 268 2 98.997429 4 1
267 LN -1 -1 -1 -1.000000 1 1
268 IN 269 272 2 99.018688 3 1
269 IN 270 271 3 131.164001 2 1
270 LN -1 -1 -1 -1.000000 1 1
271 LN -1 -1 -1 -1.000000 1 0
272 IN 273 274 1 0.389764 2 1
273 LN -1 -1 -1 -1.000000 1 1
274 LN -1 -1 -1 -1.000000 1 1
275 IN 276 281 2 114.231476 4 0
276 IN 277 280 4 18.725000 3 0
277 IN 278 279 3 135.000000 2 0
278 LN -1 -1 -1 -1.000000 1 0
279 LN -1 -1 -1 -1.000000 1 0
280 LN -1 -1 -1 -1.000000 1 1
281 IN 282 285 1 0.376243 3 1
282 IN 283 284 3 132.000000 2 1
283 LN -1 -1 -1 -1.000000 1 0
284 LN -1 -1 -1 -1.000000 1 1
285 LN -1 -1 -1 -1.000000 1 1
286 IN 287 296 1 0.051140 6 1
287 IN 288 295 3 198.222725 5 0
288 IN 289 290 3 150.972153 4 1
289 LN -1 -1 -1 -1.000000 1 0
290 IN 291 292 1 0.042301 3 1
291 LN -1 -1 -1 -1.000000 1 1
292 IN 293 294 4 13.235000 2 0
293 LN -1 -1 -1 -1.000000 1 0
294 LN -1 -1 -1 -1.000000 1 1
295 LN -1 -1 -1 -1.000000 1 0
296 IN 297 304 0 1.007334 5 1
297 IN 298 299 4 8.690000 4 0
298 LN -1 -1 -1 -1.000000 1 0
299 IN 300 301 3 150.971794 3 1
300 LN -1 -1 -1 -1.000000 1 0
301 IN 302 303 1 0.244329 2 1
302 LN -1 -1 -1 -1.000000 1 0
303 LN -1 -1 -1 -1.000000 1 1
304 IN 305 306 0 1.973675 4 1
305 LN -1 -1 -1 -1.000000 1 1
306 IN 307 310 2 100.192913 3 1
307 IN 308 309 3 162.666054 2 1
308 LN -1 -1 -1 -1.000000 1 1
309 LN -1 -1 -1 -1.000000 1 1
310 IN 311 312 2 103.989376 2 1
311 LN -1 -1 -1 -1.000000 1 1
312 LN -1 -1 -1 -1.000000 1 1
313 IN 314 315 2 138.468674 2 0
314 LN -1 -1 -1 -1.000000 1 0
315 LN -1 -1 -1 -1.000000 1 1
316 IN 317 382 3 137.960876 9 1
317 IN 318 361 2 108.008842 8 0
318 IN 319 334 3 100.764702 7 0
319 IN 320 327 2 99.525837 5 0
320 IN 321 326 3 93.496334 4 0
321 IN 322 323 0 1.987082 3 1
322 LN -1 -1 -1 -1.000000 1 1
323 IN 324 325 3 86.500000 2 0
324 LN -1 -1 -1 -1.000000 1 0
325 LN -1 -1 -1 -1.000000 1 1
326 LN -1 -1 -1 -1.000000 1 0
327 IN 328 331 0 1.796406 3 0
328 IN 329 330 0 1.112351 2 0
329 LN -1 -1 -1 -1.000000 1 0
330 LN -1 -1 -1 -1.000000 1 1
331 IN 332 333 3 57.418587 2 0
332 LN -1 -1 -1 -1.000000 1 1
333 LN -1 -1 -1 -1.000000 1 0
334 IN 335 344 2 99.994858 6 0
335 IN 336 337 1 0.917239 5 1
336 LN -1 -1 -1 -1.000000 1 0
337 IN 338 339 0 1.500000 4 1
338 LN -1 -1 -1 -1.000000 1 0
339 IN 340 341 1 1.155302 3 1
340 LN -1 -1 -1 -1.000000 1 1
341 IN 342 343 1 1.175020 2 1
342 LN -1 -1 -1 -1.000000 1 0
343 LN -1 -1 -1 -1.000000 1 1
344 IN 345 348 1 0.935057 5 0
345 IN 346 347 1 0.875823 2 1
346 LN -1 -1 -1 -1.000000 1 0
347 LN -1 -1 -1 -1.000000 1 1
348 IN 349 356 4 12.527303 4 0
349 IN 350 353 2 103.200329 3 0
350 IN 351 352 0 1.008931 2 0
351 LN -1 -1 -1 -1.000000 1 0
352 LN -1 -1 -1 -1.000000 1 0
353 IN 354 355 1 1.952446 2 1
354 LN -1 -1 -1 -1.000000 1 1
355 LN -1 -1 -1 -1.000000 1 0
356 IN 357 360 3 112.000000 3 0
357 IN 358 359 2 106.000000 2 0
358 LN -1 -1 -1 -1.000000 1 0
359 LN -1 -1 -1 -1.000000 1 1
360 LN -1 -1 -1 -1.000000 1 0
361 IN 362 369 1 1.025623 7 1
362 IN 363 364 4 7.117573 4 0
363 LN -1 -1 -1 -1.000000 1 1
364 IN 365 368 1 0.897957 3 0
365 IN 366 367 2 109.633942 2 0
366 LN -1 -1 -1 -1.000000 1 1
367 LN -1 -1 -1 -1.000000 1 0
368 LN -1 -1 -1 -1.000000 1 0
369 IN 370 373 0 1.241960 6 1
370 IN 371 372 3 90.500000 2 0
371 LN -1 -1 -1 -1.000000 1 1
372 LN -1 -1 -1 -1.000000 1 0
373 IN 374 381 4 27.628810 5 1
374 IN 375 376 4 8.449618 4 1
375 LN -1 -1 -1 -1.000000 1 1
376 IN 377 380 2 109.416557 3 1
377 IN 378 379 4 8.604056 2 0
378 LN -1 -1 -1 -1.000000 1 0
379 LN -1 -1 -1 -1.000000 1 1
380 LN -1 -1 -1 -1.000000 1 1
381 LN -1 -1 -1 -1.000000 1 0
382 IN 383 386 1 0.958344 8 1
383 IN 384 385 4 6.530417 2 0
384 LN -1 -1 -1 -1.000000 1 1
385 LN -1 -1 -1 -1.000000 1 0
386 IN 387 408 3 198.215553 7 1
387 IN 388 399 1 1.372969 6 1
388 IN 389 390 3 140.401428 5 1
389 LN -1 -1 -1 -1.000000 1 0
390 IN 391 396 1 1.109062 4 1
391 IN 392 395 4 23.894326 3 1
392 IN 393 394 2 111.629456 2 1
393 LN -1 -1 -1 -1.000000 1 1
394 LN -1 -1 -1 -1.000000 1 1
395 LN -1 -1 -1 -1.000000 1 0
396 IN 397 398 2 99.528107 2 1
397 LN -1 -1 -1 -1.000000 1 0
398 LN -1 -1 -1 -1.000000 1 1
399 IN 400 401 1 1.384304 5 1
400 LN -1 -1 -1 -1.000000 1 0
401 IN 402 407 2 115.000000 4 1
402 IN 403 406 2 107.554771 3 1
403 IN 404 405 3 155.500000 2 1
404 LN -1 -1 -1 -1.000000 1 1
405 LN -1 -1 -1 -1.000000 1 0
406 LN -1 -1 -1 -1.000000 1 0
407 LN -1 -1 -1 -1.000000 1 1
408 LN -1 -1 -1 -1.000000 1 0

