DATASET_NAME: AGE
ENSEMBLE: RF
NB_TREES: 5
NB_FEATURES: 5
NB_CLASSES: 2
MAX_TREE_DEPTH: 10
Format: node / node type (LN - leave node, IN - internal node) left child / right child / feature / threshold / node_depth / majority class (starts with index 0)

[TREE 0]
NB_NODES: 415
0 IN 1 228 2 98.057873 11 1
1 IN 2 27 0 1.055174 10 0
2 IN 3 24 4 17.935000 9 0
3 IN 4 21 3 138.500000 8 0
4 IN 5 16 4 5.560000 7 0
5 IN 6 7 3 100.500000 6 0
6 LN -1 -1 -1 -1.000000 1 0
7 IN 8 9 1 0.259051 5 0
8 LN -1 -1 -1 -1.000000 1 0
9 IN 10 11 1 0.323814 4 0
10 LN -1 -1 -1 -1.000000 1 1
11 IN 12 13 2 91.500000 3 0
12 LN -1 -1 -1 -1.000000 1 0
13 IN 14 15 3 103.500000 2 0
14 LN -1 -1 -1 -1.000000 1 1
15 LN -1 -1 -1 -1.000000 1 0
16 IN 17 20 4 6.916669 3 0
17 IN 18 19 4 6.891669 2 0
18 LN -1 -1 -1 -1.000000 1 0
19 LN -1 -1 -1 -1.000000 1 1
20 LN -1 -1 -1 -1.000000 1 0
21 IN 22 23 2 96.000000 2 0
22 LN -1 -1 -1 -1.000000 1 0
23 LN -1 -1 -1 -1.000000 1 1
24 IN 25 26 2 85.500000 2 0
25 LN -1 -1 -1 -1.000000 1 1
26 LN -1 -1 -1 -1.000000 1 0
27 IN 28 141 4 7.407365 9 0
28 IN 29 68 2 88.003761 8 1
29 IN 30 55 1 0.897115 7 0
30 IN 31 46 4 5.235000 6 0
31 IN 32 33 2 79.565971 5 1
32 LN -1 -1 -1 -1.000000 1 0
33 IN 34 41 3 136.927383 4 1
34 IN 35 38 4 4.617937 3 1
35 IN 36 37 3 66.655090 2 1
36 LN -1 -1 -1 -1.000000 1 0
37 LN -1 -1 -1 -1.000000 1 1
38 IN 39 40 2 86.742470 2 0
39 LN -1 -1 -1 -1.000000 1 1
40 LN -1 -1 -1 -1.000000 1 0
41 IN 42 45 2 84.682926 3 0
42 IN 43 44 4 3.690000 2 1
43 LN -1 -1 -1 -1.000000 1 0
44 LN -1 -1 -1 -1.000000 1 1
45 LN -1 -1 -1 -1.000000 1 0
46 IN 47 54 2 85.500000 5 0
47 IN 48 49 2 82.255997 4 0
48 LN -1 -1 -1 -1.000000 1 0
49 IN 50 51 1 0.173714 3 0
50 LN -1 -1 -1 -1.000000 1 1
51 IN 52 53 1 0.656920 2 0
52 LN -1 -1 -1 -1.000000 1 0
53 LN -1 -1 -1 -1.000000 1 1
54 LN -1 -1 -1 -1.000000 1 0
55 IN 56 59 4 1.861992 5 0
56 IN 57 58 4 1.095000 2 1
57 LN -1 -1 -1 -1.000000 1 0
58 LN -1 -1 -1 -1.000000 1 1
59 IN 60 61 3 119.995319 4 0
60 LN -1 -1 -1 -1.000000 1 0
61 IN 62 65 1 1.075613 3 0
62 IN 63 64 2 87.694729 2 1
63 LN -1 -1 -1 -1.000000 1 1
64 LN -1 -1 -1 -1.000000 1 0
65 IN 66 67 2 84.995319 2 0
66 LN -1 -1 -1 -1.000000 1 0
67 LN -1 -1 -1 -1.000000 1 1
68 IN 69 118 1 1.026640 7 1
69 IN 70 89 3 97.105968 6 1
70 IN 71 80 2 90.819756 5 0
71 IN 72 77 4 5.570683 4 1
72 IN 73 74 3 70.500000 3 1
73 LN -1 -1 -1 -1.000000 1 0
74 IN 75 76 4 5.469835 2 1
75 LN -1 -1 -1 -1.000000 1 1
76 LN -1 -1 -1 -1.000000 1 0
77 IN 78 79 3 92.500000 2 1
78 LN -1 -1 -1 -1.000000 1 1
79 LN -1 -1 -1 -1.000000 1 0
80 IN 81 88 4 7.322504 4 0
81 IN 82 85 3 56.671377 3 0
82 IN 83 84 4 4.317196 2 1
83 LN -1 -1 -1 -1.000000 1 0
84 LN -1 -1 -1 -1.000000 1 1
85 IN 86 87 2 95.185024 2 0
86 LN -1 -1 -1 -1.000000 1 0
87 LN -1 -1 -1 -1.000000 1 0
88 LN -1 -1 -1 -1.000000 1 1
89 IN 90 103 2 90.004368 5 1
90 IN 91 98 2 89.988201 4 1
91 IN 92 95 1 0.475203 3 1
92 IN 93 94 2 89.032997 2 1
93 LN -1 -1 -1 -1.000000 1 1
94 LN -1 -1 -1 -1.000000 1 1
95 IN 96 97 3 122.361050 2 1
96 LN -1 -1 -1 -1.000000 1 1
97 LN -1 -1 -1 -1.000000 1 0
98 IN 99 100 1 0.346631 3 0
99 LN -1 -1 -1 -1.000000 1 0
100 IN 101 102 3 120.500000 2 1
101 LN -1 -1 -1 -1.000000 1 1
102 LN -1 -1 -1 -1.000000 1 0
103 IN 104 111 3 137.077835 4 1
104 IN 105 108 2 96.756805 3 1
105 IN 106 107 4 2.485461 2 1
106 LN -1 -1 -1 -1.000000 1 0
107 LN -1 -1 -1 -1.000000 1 1
108 IN 109 110 3 111.874771 2 1
109 LN -1 -1 -1 -1.000000 1 0
110 LN -1 -1 -1 -1.000000 1 1
111 IN 112 115 4 7.325000 3 1
112 IN 113 114 2 97.930870 2 1
113 LN -1 -1 -1 -1.000000 1 1
114 LN -1 -1 -1 -1.000000 1 0
115 IN 116 117 3 154.500000 2 0
116 LN -1 -1 -1 -1.000000 1 1
117 LN -1 -1 -1 -1.000000 1 0
118 IN 119 132 3 109.544662 6 0
119 IN 120 121 0 1.801310 5 0
120 LN -1 -1 -1 -1.000000 1 1
121 IN 122 127 2 94.338318 4 0
122 IN 123 126 4 3.780000 3 0
123 IN 124 125 3 88.500000 2 0
124 LN -1 -1 -1 -1.000000 1 0
125 LN -1 -1 -1 -1.000000 1 0
126 LN -1 -1 -1 -1.000000 1 0
127 IN 128 131 3 80.558876 3 0
128 IN 129 130 3 72.509712 2 1
129 LN -1 -1 -1 -1.000000 1 0
130 LN -1 -1 -1 -1.000000 1 1
131 LN -1 -1 -1 -1.000000 1 0
132 IN 133 140 2 93.588840 4 1
133 IN 134 137 1 1.238048 3 1
134 IN 135 136 2 90.000000 2 0
135 LN -1 -1 -1 -1.000000 1 1
136 LN -1 -1 -1 -1.000000 1 0
137 IN 138 139 4 7.080000 2 1
138 LN -1 -1 -1 -1.000000 1 1
139 LN -1 -1 -1 -1.000000 1 0
140 LN -1 -1 -1 -1.000000 1 0
141 IN 142 179 3 96.364609 8 0
142 IN 143 162 2 89.866508 7 0
143 IN 144 159 1 2.263135 6 0
144 IN 145 158 2 89.366508 5 0
145 IN 146 153 3 84.400913 4 0
146 IN 147 150 1 0.316086 3 0
147 IN 148 149 2 83.504536 2 0
148 LN -1 -1 -1 -1.000000 1 0
149 LN -1 -1 -1 -1.000000 1 0
150 IN 151 152 2 88.223972 2 0
151 LN -1 -1 -1 -1.000000 1 0
152 LN -1 -1 -1 -1.000000 1 0
153 IN 154 155 4 8.482652 3 0
154 LN -1 -1 -1 -1.000000 1 0
155 IN 156 157 3 85.925468 2 0
156 LN -1 -1 -1 -1.000000 1 1
157 LN -1 -1 -1 -1.000000 1 0
158 LN -1 -1 -1 -1.000000 1 1
159 IN 160 161 2 83.944218 2 1
160 LN -1 -1 -1 -1.000000 1 1
161 LN -1 -1 -1 -1.000000 1 0
162 IN 163 168 3 72.159298 5 0
163 IN 164 165 1 1.127807 3 0
164 LN -1 -1 -1 -1.000000 1 0
165 IN 166 167 2 94.664825 2 1
166 LN -1 -1 -1 -1.000000 1 1
167 LN -1 -1 -1 -1.000000 1 0
168 IN 169 174 4 7.878214 4 0
169 IN 170 171 3 90.500000 3 0
170 LN -1 -1 -1 -1.000000 1 0
171 IN 172 173 3 92.137405 2 0
172 LN -1 -1 -1 -1.000000 1 1
173 LN -1 -1 -1 -1.000000 1 0
174 IN 175 178 1 0.048572 3 0
175 IN 176 177 2 96.500000 2 0
176 LN -1 -1 -1 -1.000000 1 0
177 LN -1 -1 -1 -1.000000 1 1
178 LN -1 -1 -1 -1.000000 1 0
179 IN 180 199 2 94.977329 7 0
180 IN 181 198 4 17.875000 6 0
181 IN 182 189 1 0.066305 5 0
182 IN 183 184 3 104.041969 4 0
183 LN -1 -1 -1 -1.000000 1 0
184 IN 185 186 1 0.041424 3 0
185 LN -1 -1 -1 -1.000000 1 0
186 IN 187 188 1 0.049520 2 0
187 LN -1 -1 -1 -1.000000 1 1
188 LN -1 -1 -1 -1.000000 1 0
189 IN 190 197 1 2.099179 4 1
190 IN 191 194 1 0.998188 3 1
191 IN 192 193 3 130.020081 2 0
192 LN -1 -1 -1 -1.000000 1 0
193 LN -1 -1 -1 -1.000000 1 1
194 IN 195 196 1 1.161056 2 1
195 LN -1 -1 -1 -1.000000 1 1
196 LN -1 -1 -1 -1.000000 1 1
197 LN -1 -1 -1 -1.000000 1 0
198 LN -1 -1 -1 -1.000000 1 0
199 IN 200 215 4 12.007426 6 0
200 IN 201 202 2 95.059406 5 0
201 LN -1 -1 -1 -1.000000 1 0
202 IN 203 208 4 10.410000 4 0
203 IN 204 207 4 9.147249 3 0
204 IN 205 206 4 9.102249 2 0
205 LN -1 -1 -1 -1.000000 1 0
206 LN -1 -1 -1 -1.000000 1 1
207 LN -1 -1 -1 -1.000000 1 0
208 IN 209 212 3 136.580444 3 1
209 IN 210 211 2 96.956795 2 1
210 LN -1 -1 -1 -1.000000 1 1
211 LN -1 -1 -1 -1.000000 1 1
212 IN 213 214 2 97.360535 2 0
213 LN -1 -1 -1 -1.000000 1 1
214 LN -1 -1 -1 -1.000000 1 0
215 IN 216 221 1 0.379013 5 0
216 IN 217 220 3 146.000000 3 0
217 IN 218 219 1 0.298059 2 0
218 LN -1 -1 -1 -1.000000 1 0
219 LN -1 -1 -1 -1.000000 1 1
220 LN -1 -1 -1 -1.000000 1 1
221 IN 222 223 2 97.090076 4 0
222 LN -1 -1 -1 -1.000000 1 0
223 IN 224 225 3 146.283775 3 0
224 LN -1 -1 -1 -1.000000 1 0
225 IN 226 227 4 18.041080 2 0
226 LN -1 -1 -1 -1.000000 1 1
227 LN -1 -1 -1 -1.000000 1 0
228 IN 229 342 3 128.003815 10 1
229 IN 230 251 0 1.022088 9 1
230 IN 231 244 2 113.000000 7 0
231 IN 232 243 4 9.410000 6 0
232 IN 233 234 3 86.000000 5 0
233 LN -1 -1 -1 -1.000000 1 0
234 IN 235 238 3 91.500000 4 0
235 IN 236 237 1 0.298059 2 1
236 LN -1 -1 -1 -1.000000 1 0
237 LN -1 -1 -1 -1.000000 1 1
238 IN 239 242 1 0.217106 3 0
239 IN 240 241 4 6.670000 2 0
240 LN -1 -1 -1 -1.000000 1 1
241 LN -1 -1 -1 -1.000000 1 0
242 LN -1 -1 -1 -1.000000 1 0
243 LN -1 -1 -1 -1.000000 1 0
244 IN 245 248 2 114.500000 3 0
245 IN 246 247 4 21.445000 2 0
246 LN -1 -1 -1 -1.000000 1 0
247 LN -1 -1 -1 -1.000000 1 1
248 IN 249 250 4 13.380000 2 0
249 LN -1 -1 -1 -1.000000 1 0
250 LN -1 -1 -1 -1.000000 1 1
251 IN 252 311 4 12.628451 8 1
252 IN 253 272 3 94.034473 7 1
253 IN 254 255 0 1.979314 6 0
254 LN -1 -1 -1 -1.000000 1 1
255 IN 256 257 4 5.125978 5 0
256 LN -1 -1 -1 -1.000000 1 0
257 IN 258 265 3 68.500538 4 1
258 IN 259 262 4 10.921094 3 1
259 IN 260 261 1 0.450247 2 1
260 LN -1 -1 -1 -1.000000 1 0
261 LN -1 -1 -1 -1.000000 1 1
262 IN 263 264 1 0.201381 2 1
263 LN -1 -1 -1 -1.000000 1 0
264 LN -1 -1 -1 -1.000000 1 1
265 IN 266 269 4 5.975000 3 0
266 IN 267 268 1 0.381060 2 1
267 LN -1 -1 -1 -1.000000 1 0
268 LN -1 -1 -1 -1.000000 1 1
269 IN 270 271 4 12.349138 2 0
270 LN -1 -1 -1 -1.000000 1 0
271 LN -1 -1 -1 -1.000000 1 1
272 IN 273 290 3 106.964157 6 1
273 IN 274 279 2 99.033607 5 1
274 IN 275 278 3 97.249668 3 0
275 IN 276 277 2 98.920666 2 0
276 LN -1 -1 -1 -1.000000 1 1
277 LN -1 -1 -1 -1.000000 1 0
278 LN -1 -1 -1 -1.000000 1 0
279 IN 280 283 1 0.128057 4 1
280 IN 281 282 3 103.101856 2 0
281 LN -1 -1 -1 -1.000000 1 0
282 LN -1 -1 -1 -1.000000 1 1
283 IN 284 287 3 100.065628 3 1
284 IN 285 286 2 100.965527 2 1
285 LN -1 -1 -1 -1.000000 1 1
286 LN -1 -1 -1 -1.000000 1 0
287 IN 288 289 4 5.493540 2 1
288 LN -1 -1 -1 -1.000000 1 1
289 LN -1 -1 -1 -1.000000 1 1
290 IN 291 304 1 0.547037 5 1
291 IN 292 297 3 115.382477 4 1
292 IN 293 294 0 1.785452 3 0
293 LN -1 -1 -1 -1.000000 1 1
294 IN 295 296 2 106.148270 2 0
295 LN -1 -1 -1 -1.000000 1 0
296 LN -1 -1 -1 -1.000000 1 0
297 IN 298 301 3 123.994484 3 1
298 IN 299 300 4 7.057407 2 1
299 LN -1 -1 -1 -1.000000 1 1
300 LN -1 -1 -1 -1.000000 1 1
301 IN 302 303 1 0.067097 2 0
302 LN -1 -1 -1 -1.000000 1 0
303 LN -1 -1 -1 -1.000000 1 1
304 IN 305 306 2 98.881828 4 0
305 LN -1 -1 -1 -1.000000 1 1
306 IN 307 308 0 1.991310 3 0
307 LN -1 -1 -1 -1.000000 1 1
308 IN 309 310 1 2.047988 2 0
309 LN -1 -1 -1 -1.000000 1 0
310 LN -1 -1 -1 -1.000000 1 1
311 IN 312 325 1 0.469530 7 0
312 IN 313 314 2 101.345131 6 1
313 LN -1 -1 -1 -1.000000 1 0
314 IN 315 324 2 116.474762 5 1
315 IN 316 319 2 104.975609 4 1
316 IN 317 318 3 94.273792 2 1
317 LN -1 -1 -1 -1.000000 1 0
318 LN -1 -1 -1 -1.000000 1 1
319 IN 320 323 4 15.321183 3 1
320 IN 321 322 1 0.186087 2 0
321 LN -1 -1 -1 -1.000000 1 0
322 LN -1 -1 -1 -1.000000 1 1
323 LN -1 -1 -1 -1.000000 1 1
324 LN -1 -1 -1 -1.000000 1 0
325 IN 326 327 0 1.812370 6 0
326 LN -1 -1 -1 -1.000000 1 1
327 IN 328 337 4 19.748331 5 0
328 IN 329 336 2 107.018970 4 0
329 IN 330 333 4 17.780001 3 0
330 IN 331 332 4 15.172400 2 0
331 LN -1 -1 -1 -1.000000 1 0
332 LN -1 -1 -1 -1.000000 1 0
333 IN 334 335 3 97.328674 2 0
334 LN -1 -1 -1 -1.000000 1 0
335 LN -1 -1 -1 -1.000000 1 0
336 LN -1 -1 -1 -1.000000 1 1
337 IN 338 341 1 0.940528 3 0
338 IN 339 340 1 0.916242 2 0
339 LN -1 -1 -1 -1.000000 1 0
340 LN -1 -1 -1 -1.000000 1 1
341 LN -1 -1 -1 -1.000000 1 0
342 IN 343 388 1 1.085385 9 1
343 IN 344 383 3 197.196648 8 1
344 IN 345 358 0 1.000119 7 1
345 IN 346 357 4 15.277692 5 0
346 IN 347 352 1 0.727113 4 0
347 IN 348 351 1 0.501911 3 0
348 IN 349 350 1 0.445244 2 0
349 LN -1 -1 -1 -1.000000 1 0
350 LN -1 -1 -1 -1.000000 1 1
351 LN -1 -1 -1 -1.000000 1 0
352 IN 353 354 4 7.235000 3 0
353 LN -1 -1 -1 -1.000000 1 0
354 IN 355 356 3 149.500000 2 1
355 LN -1 -1 -1 -1.000000 1 0
356 LN -1 -1 -1 -1.000000 1 1
357 LN -1 -1 -1 -1.000000 1 1
358 IN 359 382 3 195.813690 6 1
359 IN 360 369 2 103.942932 5 1
360 IN 361 362 4 2.058806 4 1
361 LN -1 -1 -1 -1.000000 1 0
362 IN 363 366 1 0.128066 3 1
363 IN 364 365 3 146.732880 2 1
364 LN -1 -1 -1 -1.000000 1 0
365 LN -1 -1 -1 -1.000000 1 1
366 IN 367 368 1 0.892546 2 1
367 LN -1 -1 -1 -1.000000 1 1
368 LN -1 -1 -1 -1.000000 1 1
369 IN 370 377 2 108.004921 4 1
370 IN 371 374 1 0.447603 3 1
371 IN 372 373 4 11.723239 2 1
372 LN -1 -1 -1 -1.000000 1 1
373 LN -1 -1 -1 -1.000000 1 1
374 IN 375 376 4 16.990198 2 1
375 LN -1 -1 -1 -1.000000 1 1
376 LN -1 -1 -1 -1.000000 1 0
377 IN 378 379 0 1.985303 3 1
378 LN -1 -1 -1 -1.000000 1 1
379 IN 380 381 1 0.325282 2 1
380 LN -1 -1 -1 -1.000000 1 1
381 LN -1 -1 -1 -1.000000 1 1
382 LN -1 -1 -1 -1.000000 1 0
383 IN 384 385 2 119.973831 3 1
384 LN -1 -1 -1 -1.000000 1 1
385 IN 386 387 4 23.315001 2 1
386 LN -1 -1 -1 -1.000000 1 1
387 LN -1 -1 -1 -1.000000 1 0
388 IN 389 394 4 8.769056 8 1
389 IN 390 391 4 6.403979 3 1
390 LN -1 -1 -1 -1.000000 1 1
391 IN 392 393 3 145.465759 2 1
392 LN -1 -1 -1 -1.000000 1 1
393 LN -1 -1 -1 -1.000000 1 0
394 IN 395 396 1 1.119621 7 0
395 LN -1 -1 -1 -1.000000 1 0
396 IN 397 408 2 115.103340 6 1
397 IN 398 399 4 11.385000 5 0
398 LN -1 -1 -1 -1.000000 1 1
399 IN 400 401 1 1.146992 4 0
400 LN -1 -1 -1 -1.000000 1 1
401 IN 402 405 2 114.347874 3 0
402 IN 403 404 3 139.750839 2 0
403 LN -1 -1 -1 -1.000000 1 0
404 LN -1 -1 -1 -1.000000 1 0
405 IN 406 407 4 21.283578 2 0
406 LN -1 -1 -1 -1.000000 1 0
407 LN -1 -1 -1 -1.000000 1 1
408 IN 409 414 3 197.617577 4 1
409 IN 410 411 2 128.000000 3 1
410 LN -1 -1 -1 -1.000000 1 1
411 IN 412 413 4 18.957791 2 1
412 LN -1 -1 -1 -1.000000 1 1
413 LN -1 -1 -1 -1.000000 1 0
414 LN -1 -1 -1 -1.000000 1 0

[TREE 1]
NB_NODES: 389
0 IN 1 152 3 98.078320 11 0
1 IN 2 113 1 0.917388 10 0
2 IN 3 18 0 1.045305 9 0
3 IN 4 5 3 85.500000 7 0
4 LN -1 -1 -1 -1.000000 1 0
5 IN 6 15 4 17.810000 6 0
6 IN 7 14 1 0.880924 5 0
7 IN 8 9 4 9.170000 4 0
8 LN -1 -1 -1 -1.000000 1 0
9 IN 10 13 1 0.534293 3 0
10 IN 11 12 4 9.740000 2 0
11 LN -1 -1 -1 -1.000000 1 1
12 LN -1 -1 -1 -1.000000 1 0
13 LN -1 -1 -1 -1.000000 1 0
14 LN -1 -1 -1 -1.000000 1 1
15 IN 16 17 4 25.308105 2 1
16 LN -1 -1 -1 -1.000000 1 1
17 LN -1 -1 -1 -1.000000 1 0
18 IN 19 76 2 99.063549 8 0
19 IN 20 59 3 92.995739 7 0
20 IN 21 42 3 90.000938 6 0
21 IN 22 31 4 6.597461 5 0
22 IN 23 24 1 0.198941 4 0
23 LN -1 -1 -1 -1.000000 1 0
24 IN 25 28 1 0.836986 3 0
25 IN 26 27 2 80.234867 2 1
26 LN -1 -1 -1 -1.000000 1 0
27 LN -1 -1 -1 -1.000000 1 1
28 IN 29 30 1 0.909292 2 0
29 LN -1 -1 -1 -1.000000 1 0
30 LN -1 -1 -1 -1.000000 1 1
31 IN 32 37 2 88.723972 4 0
32 IN 33 34 4 8.253974 3 0
33 LN -1 -1 -1 -1.000000 1 0
34 IN 35 36 2 84.975155 2 0
35 LN -1 -1 -1 -1.000000 1 0
36 LN -1 -1 -1 -1.000000 1 1
37 IN 38 41 3 59.194452 3 0
38 IN 39 40 3 48.194452 2 1
39 LN -1 -1 -1 -1.000000 1 0
40 LN -1 -1 -1 -1.000000 1 1
41 LN -1 -1 -1 -1.000000 1 0
42 IN 43 50 1 0.365759 5 1
43 IN 44 45 1 0.058224 4 1
44 LN -1 -1 -1 -1.000000 1 0
45 IN 46 49 4 11.573338 3 1
46 IN 47 48 2 87.503761 2 1
47 LN -1 -1 -1 -1.000000 1 0
48 LN -1 -1 -1 -1.000000 1 1
49 LN -1 -1 -1 -1.000000 1 0
50 IN 51 52 1 0.555738 4 0
51 LN -1 -1 -1 -1.000000 1 0
52 IN 53 56 2 93.049629 3 1
53 IN 54 55 1 0.732264 2 0
54 LN -1 -1 -1 -1.000000 1 0
55 LN -1 -1 -1 -1.000000 1 1
56 IN 57 58 4 8.477738 2 1
57 LN -1 -1 -1 -1.000000 1 1
58 LN -1 -1 -1 -1.000000 1 0
59 IN 60 65 1 0.039008 6 0
60 IN 61 62 3 96.000000 3 1
61 LN -1 -1 -1 -1.000000 1 1
62 IN 63 64 1 0.024286 2 0
63 LN -1 -1 -1 -1.000000 1 0
64 LN -1 -1 -1 -1.000000 1 1
65 IN 66 75 1 0.909209 5 0
66 IN 67 68 1 0.276710 4 0
67 LN -1 -1 -1 -1.000000 1 0
68 IN 69 72 1 0.479298 3 0
69 IN 70 71 3 95.864609 2 0
70 LN -1 -1 -1 -1.000000 1 0
71 LN -1 -1 -1 -1.000000 1 1
72 IN 73 74 4 6.831255 2 0
73 LN -1 -1 -1 -1.000000 1 0
74 LN -1 -1 -1 -1.000000 1 0
75 LN -1 -1 -1 -1.000000 1 1
76 IN 77 96 3 91.488239 7 1
77 IN 78 79 0 1.830111 6 0
78 LN -1 -1 -1 -1.000000 1 1
79 IN 80 91 4 13.238542 5 0
80 IN 81 86 3 73.466732 4 0
81 IN 82 83 1 0.225201 3 1
82 LN -1 -1 -1 -1.000000 1 0
83 IN 84 85 3 60.942659 2 1
84 LN -1 -1 -1 -1.000000 1 0
85 LN -1 -1 -1 -1.000000 1 1
86 IN 87 90 2 118.000000 3 0
87 IN 88 89 3 90.012650 2 0
88 LN -1 -1 -1 -1.000000 1 0
89 LN -1 -1 -1 -1.000000 1 1
90 LN -1 -1 -1 -1.000000 1 1
91 IN 92 95 3 59.098171 3 0
92 IN 93 94 4 22.639002 2 0
93 LN -1 -1 -1 -1.000000 1 1
94 LN -1 -1 -1 -1.000000 1 0
95 LN -1 -1 -1 -1.000000 1 0
96 IN 97 112 3 97.828674 6 1
97 IN 98 105 1 0.480092 5 1
98 IN 99 104 4 5.712290 4 1
99 IN 100 101 1 0.301406 3 1
100 LN -1 -1 -1 -1.000000 1 1
101 IN 102 103 3 96.141960 2 0
102 LN -1 -1 -1 -1.000000 1 0
103 LN -1 -1 -1 -1.000000 1 1
104 LN -1 -1 -1 -1.000000 1 1
105 IN 106 107 1 0.528415 4 1
106 LN -1 -1 -1 -1.000000 1 0
107 IN 108 111 1 0.809534 3 1
108 IN 109 110 2 102.486019 2 1
109 LN -1 -1 -1 -1.000000 1 1
110 LN -1 -1 -1 -1.000000 1 0
111 LN -1 -1 -1 -1.000000 1 1
112 LN -1 -1 -1 -1.000000 1 0
113 IN 114 151 2 112.768398 9 0
114 IN 115 138 1 1.900350 8 0
115 IN 116 117 0 1.296406 7 0
116 LN -1 -1 -1 -1.000000 1 0
117 IN 118 131 2 107.239532 6 0
118 IN 119 120 4 1.433886 5 0
119 LN -1 -1 -1 -1.000000 1 1
120 IN 121 126 1 1.302546 4 0
121 IN 122 123 4 3.344533 3 0
122 LN -1 -1 -1 -1.000000 1 0
123 IN 124 125 4 3.500000 2 0
124 LN -1 -1 -1 -1.000000 1 1
125 LN -1 -1 -1 -1.000000 1 0
126 IN 127 128 1 1.309173 3 0
127 LN -1 -1 -1 -1.000000 1 1
128 IN 129 130 2 93.500000 2 0
129 LN -1 -1 -1 -1.000000 1 0
130 LN -1 -1 -1 -1.000000 1 0
131 IN 132 133 2 107.739532 4 1
132 LN -1 -1 -1 -1.000000 1 1
133 IN 134 135 4 13.999738 3 0
134 LN -1 -1 -1 -1.000000 1 0
135 IN 136 137 3 69.625166 2 1
136 LN -1 -1 -1 -1.000000 1 1
137 LN -1 -1 -1 -1.000000 1 0
138 IN 139 140 1 2.004594 7 0
139 LN -1 -1 -1 -1.000000 1 1
140 IN 141 150 1 2.753885 6 0
141 IN 142 143 2 83.444218 5 0
142 LN -1 -1 -1 -1.000000 1 1
143 IN 144 149 1 2.721504 4 0
144 IN 145 146 3 89.255413 3 0
145 LN -1 -1 -1 -1.000000 1 0
146 IN 147 148 1 2.171263 2 0
147 LN -1 -1 -1 -1.000000 1 0
148 LN -1 -1 -1 -1.000000 1 0
149 LN -1 -1 -1 -1.000000 1 1
150 LN -1 -1 -1 -1.000000 1 0
151 LN -1 -1 -1 -1.000000 1 1
152 IN 153 210 0 1.000119 10 1
153 IN 154 199 4 14.902520 9 0
154 IN 155 180 3 129.000000 8 0
155 IN 156 171 3 110.500000 7 0
156 IN 157 170 3 109.261143 6 0
157 IN 158 165 3 107.500000 5 0
158 IN 159 164 2 92.500000 4 0
159 IN 160 163 4 4.665000 3 0
160 IN 161 162 4 4.250000 2 0
161 LN -1 -1 -1 -1.000000 1 0
162 LN -1 -1 -1 -1.000000 1 1
163 LN -1 -1 -1 -1.000000 1 0
164 LN -1 -1 -1 -1.000000 1 0
165 IN 166 169 2 93.500000 3 0
166 IN 167 168 1 0.459966 2 1
167 LN -1 -1 -1 -1.000000 1 0
168 LN -1 -1 -1 -1.000000 1 1
169 LN -1 -1 -1 -1.000000 1 0
170 LN -1 -1 -1 -1.000000 1 1
171 IN 172 179 4 5.905000 5 0
172 IN 173 174 3 123.500000 4 0
173 LN -1 -1 -1 -1.000000 1 0
174 IN 175 178 2 106.000000 3 0
175 IN 176 177 2 101.500000 2 0
176 LN -1 -1 -1 -1.000000 1 0
177 LN -1 -1 -1 -1.000000 1 1
178 LN -1 -1 -1 -1.000000 1 0
179 LN -1 -1 -1 -1.000000 1 0
180 IN 181 182 4 4.630000 7 0
181 LN -1 -1 -1 -1.000000 1 0
182 IN 183 186 3 135.500000 6 0
183 IN 184 185 1 0.380481 2 1
184 LN -1 -1 -1 -1.000000 1 0
185 LN -1 -1 -1 -1.000000 1 1
186 IN 187 188 4 5.443500 5 0
187 LN -1 -1 -1 -1.000000 1 1
188 IN 189 194 3 152.193481 4 0
189 IN 190 193 4 6.885000 3 0
190 IN 191 192 3 145.000000 2 0
191 LN -1 -1 -1 -1.000000 1 1
192 LN -1 -1 -1 -1.000000 1 0
193 LN -1 -1 -1 -1.000000 1 0
194 IN 195 198 1 0.566674 3 0
195 IN 196 197 2 118.500000 2 0
196 LN -1 -1 -1 -1.000000 1 0
197 LN -1 -1 -1 -1.000000 1 0
198 LN -1 -1 -1 -1.000000 1 1
199 IN 200 209 1 0.872237 6 0
200 IN 201 202 3 122.000000 5 0
201 LN -1 -1 -1 -1.000000 1 0
202 IN 203 208 3 144.500000 4 1
203 IN 204 205 2 91.500000 3 0
204 LN -1 -1 -1 -1.000000 1 1
205 IN 206 207 1 0.218574 2 0
206 LN -1 -1 -1 -1.000000 1 1
207 LN -1 -1 -1 -1.000000 1 0
208 LN -1 -1 -1 -1.000000 1 1
209 LN -1 -1 -1 -1.000000 1 0
210 IN 211 300 2 98.057873 9 1
211 IN 212 277 1 0.982759 8 1
212 IN 213 244 4 9.178587 7 1
213 IN 214 231 4 6.654621 6 1
214 IN 215 224 2 97.976269 5 1
215 IN 216 217 0 1.989987 4 1
216 LN -1 -1 -1 -1.000000 1 1
217 IN 218 221 4 2.691038 3 1
218 IN 219 220 1 0.734739 2 0
219 LN -1 -1 -1 -1.000000 1 0
220 LN -1 -1 -1 -1.000000 1 1
221 IN 222 223 1 0.056184 2 1
222 LN -1 -1 -1 -1.000000 1 0
223 LN -1 -1 -1 -1.000000 1 1
224 IN 225 226 3 108.000000 4 0
225 LN -1 -1 -1 -1.000000 1 0
226 IN 227 228 1 0.395203 3 0
227 LN -1 -1 -1 -1.000000 1 1
228 IN 229 230 1 0.856638 2 0
229 LN -1 -1 -1 -1.000000 1 0
230 LN -1 -1 -1 -1.000000 1 0
231 IN 232 233 0 1.911197 5 1
232 LN -1 -1 -1 -1.000000 1 1
233 IN 234 239 3 111.888058 4 1
234 IN 235 238 4 8.700606 3 1
235 IN 236 237 1 0.184725 2 1
236 LN -1 -1 -1 -1.000000 1 0
237 LN -1 -1 -1 -1.000000 1 1
238 LN -1 -1 -1 -1.000000 1 1
239 IN 240 241 1 0.118250 3 0
240 LN -1 -1 -1 -1.000000 1 1
241 IN 242 243 2 95.034206 2 0
242 LN -1 -1 -1 -1.000000 1 0
243 LN -1 -1 -1 -1.000000 1 1
244 IN 245 260 3 130.020081 6 0
245 IN 246 253 2 94.500000 5 0
246 IN 247 252 4 17.980000 4 0
247 IN 248 251 3 124.500000 3 0
248 IN 249 250 2 89.430401 2 0
249 LN -1 -1 -1 -1.000000 1 0
250 LN -1 -1 -1 -1.000000 1 1
251 LN -1 -1 -1 -1.000000 1 0
252 LN -1 -1 -1 -1.000000 1 0
253 IN 254 255 3 112.500000 4 0
254 LN -1 -1 -1 -1.000000 1 0
255 IN 256 257 2 96.500000 3 0
256 LN -1 -1 -1 -1.000000 1 0
257 IN 258 259 1 0.200915 2 0
258 LN -1 -1 -1 -1.000000 1 0
259 LN -1 -1 -1 -1.000000 1 1
260 IN 261 270 1 0.554003 5 0
261 IN 262 263 2 91.157200 4 1
262 LN -1 -1 -1 -1.000000 1 0
263 IN 264 267 1 0.181389 3 1
264 IN 265 266 2 93.127453 2 0
265 LN -1 -1 -1 -1.000000 1 1
266 LN -1 -1 -1 -1.000000 1 0
267 IN 268 269 1 0.466546 2 1
268 LN -1 -1 -1 -1.000000 1 1
269 LN -1 -1 -1 -1.000000 1 1
270 IN 271 272 4 9.848943 4 0
271 LN -1 -1 -1 -1.000000 1 1
272 IN 273 276 2 95.000000 3 0
273 IN 274 275 1 0.773985 2 0
274 LN -1 -1 -1 -1.000000 1 0
275 LN -1 -1 -1 -1.000000 1 1
276 LN -1 -1 -1 -1.000000 1 0
277 IN 278 289 2 94.970333 7 0
278 IN 279 280 3 103.303093 6 0
279 LN -1 -1 -1 -1.000000 1 0
280 IN 281 282 2 83.656918 5 0
281 LN -1 -1 -1 -1.000000 1 0
282 IN 283 284 2 85.303230 4 0
283 LN -1 -1 -1 -1.000000 1 1
284 IN 285 288 4 19.290000 3 0
285 IN 286 287 4 16.089936 2 0
286 LN -1 -1 -1 -1.000000 1 0
287 LN -1 -1 -1 -1.000000 1 1
288 LN -1 -1 -1 -1.000000 1 0
289 IN 290 293 1 1.096471 5 0
290 IN 291 292 4 13.971080 2 0
291 LN -1 -1 -1 -1.000000 1 0
292 LN -1 -1 -1 -1.000000 1 1
293 IN 294 295 3 125.500000 4 0
294 LN -1 -1 -1 -1.000000 1 0
295 IN 296 299 4 9.220000 3 0
296 IN 297 298 3 132.500000 2 0
297 LN -1 -1 -1 -1.000000 1 1
298 LN -1 -1 -1 -1.000000 1 0
299 LN -1 -1 -1 -1.000000 1 0
300 IN 301 344 1 0.871960 8 1
301 IN 302 343 4 25.210000 7 1
302 IN 303 328 3 138.500000 6 1
303 IN 304 319 3 133.955910 5 1
304 IN 305 312 2 104.988548 4 1
305 IN 306 309 4 8.434520 3 1
306 IN 307 308 3 103.273403 2 1
307 LN -1 -1 -1 -1.000000 1 1
308 LN -1 -1 -1 -1.000000 1 1
309 IN 310 311 3 115.371834 2 1
310 LN -1 -1 -1 -1.000000 1 0
311 LN -1 -1 -1 -1.000000 1 1
312 IN 313 316 2 108.029381 3 1
313 IN 314 315 0 1.785452 2 0
314 LN -1 -1 -1 -1.000000 1 1
315 LN -1 -1 -1 -1.000000 1 0
316 IN 317 318 3 125.688225 2 1
317 LN -1 -1 -1 -1.000000 1 1
318 LN -1 -1 -1 -1.000000 1 1
319 IN 320 321 0 1.803924 4 0
320 LN -1 -1 -1 -1.000000 1 1
321 IN 322 325 4 12.638874 3 0
322 IN 323 324 3 135.000000 2 0
323 LN -1 -1 -1 -1.000000 1 0
324 LN -1 -1 -1 -1.000000 1 0
325 IN 326 327 2 107.807400 2 0
326 LN -1 -1 -1 -1.000000 1 0
327 LN -1 -1 -1 -1.000000 1 1
328 IN 329 340 4 23.224969 5 1
329 IN 330 335 3 193.500000 4 1
330 IN 331 334 2 126.193798 3 1
331 IN 332 333 1 0.080953 2 1
332 LN -1 -1 -1 -1.000000 1 1
333 LN -1 -1 -1 -1.000000 1 1
334 LN -1 -1 -1 -1.000000 1 0
335 IN 336 339 4 4.291398 3 1
336 IN 337 338 4 4.125000 2 1
337 LN -1 -1 -1 -1.000000 1 1
338 LN -1 -1 -1 -1.000000 1 0
339 LN -1 -1 -1 -1.000000 1 1
340 IN 341 342 3 174.720520 2 1
341 LN -1 -1 -1 -1.000000 1 1
342 LN -1 -1 -1 -1.000000 1 0
343 LN -1 -1 -1 -1.000000 1 0
344 IN 345 374 3 137.465088 7 1
345 IN 346 363 4 9.780422 6 0
346 IN 347 350 1 0.931961 5 1
347 IN 348 349 3 113.048317 2 0
348 LN -1 -1 -1 -1.000000 1 1
349 LN -1 -1 -1 -1.000000 1 0
350 IN 351 358 2 106.175488 4 1
351 IN 352 355 4 4.188103 3 1
352 IN 353 354 1 1.278791 2 1
353 LN -1 -1 -1 -1.000000 1 1
354 LN -1 -1 -1 -1.000000 1 0
355 IN 356 357 2 102.026794 2 0
356 LN -1 -1 -1 -1.000000 1 0
357 LN -1 -1 -1 -1.000000 1 1
358 IN 359 362 4 4.350169 3 1
359 IN 360 361 4 4.025797 2 1
360 LN -1 -1 -1 -1.000000 1 1
361 LN -1 -1 -1 -1.000000 1 0
362 LN -1 -1 -1 -1.000000 1 1
363 IN 364 373 3 120.837078 5 0
364 IN 365 368 4 12.698451 4 0
365 IN 366 367 3 112.469711 2 1
366 LN -1 -1 -1 -1.000000 1 0
367 LN -1 -1 -1 -1.000000 1 1
368 IN 369 370 1 0.885387 3 0
369 LN -1 -1 -1 -1.000000 1 1
370 IN 371 372 3 110.950447 2 0
371 LN -1 -1 -1 -1.000000 1 0
372 LN -1 -1 -1 -1.000000 1 0
373 LN -1 -1 -1 -1.000000 1 0
374 IN 375 388 1 3.238414 6 1
375 IN 376 387 3 197.715553 5 1
376 IN 377 380 2 100.028107 4 1
377 IN 378 379 4 4.666597 2 0
378 LN -1 -1 -1 -1.000000 1 1
379 LN -1 -1 -1 -1.000000 1 0
380 IN 381 384 4 7.761569 3 1
381 IN 382 383 4 7.038736 2 1
382 LN -1 -1 -1 -1.000000 1 1
383 LN -1 -1 -1 -1.000000 1 0
384 IN 385 386 2 104.842888 2 1
385 LN -1 -1 -1 -1.000000 1 1
386 LN -1 -1 -1 -1.000000 1 1
387 LN -1 -1 -1 -1.000000 1 0
388 LN -1 -1 -1 -1.000000 1 0

[TREE 2]
NB_NODES: 287
0 IN 1 94 3 98.038860 11 0
1 IN 2 83 2 113.178368 10 0
2 IN 3 12 0 1.045305 9 0
3 IN 4 5 3 90.500000 5 0
4 LN -1 -1 -1 -1.000000 1 0
5 IN 6 7 1 0.671913 4 0
6 LN -1 -1 -1 -1.000000 1 0
7 IN 8 11 3 92.000000 3 0
8 IN 9 10 2 105.500000 2 1
9 LN -1 -1 -1 -1.000000 1 1
10 LN -1 -1 -1 -1.000000 1 0
11 LN -1 -1 -1 -1.000000 1 0
12 IN 13 14 0 1.979314 8 0
13 LN -1 -1 -1 -1.000000 1 1
14 IN 15 42 3 81.544315 7 0
15 IN 16 17 2 80.065971 6 0
16 LN -1 -1 -1 -1.000000 1 0
17 IN 18 31 1 0.903250 5 0
18 IN 19 24 4 5.644075 4 0
19 IN 20 21 2 84.811337 3 1
20 LN -1 -1 -1 -1.000000 1 1
21 IN 22 23 4 3.543858 2 0
22 LN -1 -1 -1 -1.000000 1 0
23 LN -1 -1 -1 -1.000000 1 1
24 IN 25 28 3 70.885376 3 0
25 IN 26 27 4 14.584002 2 0
26 LN -1 -1 -1 -1.000000 1 1
27 LN -1 -1 -1 -1.000000 1 0
28 IN 29 30 4 9.465000 2 0
29 LN -1 -1 -1 -1.000000 1 0
30 LN -1 -1 -1 -1.000000 1 0
31 IN 32 37 1 1.380231 4 0
32 IN 33 34 2 89.398598 3 0
33 LN -1 -1 -1 -1.000000 1 0
34 IN 35 36 3 76.033802 2 0
35 LN -1 -1 -1 -1.000000 1 0
36 LN -1 -1 -1 -1.000000 1 0
37 IN 38 41 4 21.849999 3 1
38 IN 39 40 4 5.050000 2 1
39 LN -1 -1 -1 -1.000000 1 1
40 LN -1 -1 -1 -1.000000 1 1
41 LN -1 -1 -1 -1.000000 1 0
42 IN 43 58 3 90.012650 6 0
43 IN 44 55 1 2.015983 5 0
44 IN 45 50 2 88.769436 4 0
45 IN 46 49 1 0.612797 3 0
46 IN 47 48 2 86.111099 2 0
47 LN -1 -1 -1 -1.000000 1 0
48 LN -1 -1 -1 -1.000000 1 1
49 LN -1 -1 -1 -1.000000 1 0
50 IN 51 52 2 97.500000 3 0
51 LN -1 -1 -1 -1.000000 1 0
52 IN 53 54 2 98.500000 2 0
53 LN -1 -1 -1 -1.000000 1 0
54 LN -1 -1 -1 -1.000000 1 0
55 IN 56 57 2 92.616879 2 1
56 LN -1 -1 -1 -1.000000 1 0
57 LN -1 -1 -1 -1.000000 1 1
58 IN 59 74 1 0.592511 5 0
59 IN 60 67 2 99.063549 4 1
60 IN 61 64 2 88.052067 3 0
61 IN 62 63 2 83.500000 2 0
62 LN -1 -1 -1 -1.000000 1 0
63 LN -1 -1 -1 -1.000000 1 0
64 IN 65 66 4 8.851459 2 0
65 LN -1 -1 -1 -1.000000 1 1
66 LN -1 -1 -1 -1.000000 1 0
67 IN 68 71 4 12.092237 3 1
68 IN 69 70 3 97.981113 2 1
69 LN -1 -1 -1 -1.000000 1 1
70 LN -1 -1 -1 -1.000000 1 0
71 IN 72 73 2 108.500000 2 0
72 LN -1 -1 -1 -1.000000 1 0
73 LN -1 -1 -1 -1.000000 1 1
74 IN 75 82 1 1.416685 4 0
75 IN 76 79 1 1.366645 3 0
76 IN 77 78 2 104.500000 2 0
77 LN -1 -1 -1 -1.000000 1 0
78 LN -1 -1 -1 -1.000000 1 1
79 IN 80 81 1 1.390931 2 1
80 LN -1 -1 -1 -1.000000 1 1
81 LN -1 -1 -1 -1.000000 1 0
82 LN -1 -1 -1 -1.000000 1 0
83 IN 84 87 3 77.999065 5 1
84 IN 85 86 4 13.350151 2 0
85 LN -1 -1 -1 -1.000000 1 1
86 LN -1 -1 -1 -1.000000 1 0
87 IN 88 89 1 0.072858 4 1
88 LN -1 -1 -1 -1.000000 1 0
89 IN 90 93 0 1.073903 3 1
90 IN 91 92 3 90.958027 2 1
91 LN -1 -1 -1 -1.000000 1 1
92 LN -1 -1 -1 -1.000000 1 0
93 LN -1 -1 -1 -1.000000 1 1
94 IN 95 218 1 1.373943 10 1
95 IN 96 145 0 1.000119 9 1
96 IN 97 130 4 15.852693 8 0
97 IN 98 115 3 130.500000 7 0
98 IN 99 106 3 109.261143 6 0
99 IN 100 101 1 0.752867 4 0
100 LN -1 -1 -1 -1.000000 1 0
101 IN 102 105 3 103.500000 3 0
102 IN 103 104 4 3.150000 2 0
103 LN -1 -1 -1 -1.000000 1 1
104 LN -1 -1 -1 -1.000000 1 0
105 LN -1 -1 -1 -1.000000 1 0
106 IN 107 114 4 7.415000 5 0
107 IN 108 109 4 5.370000 4 0
108 LN -1 -1 -1 -1.000000 1 0
109 IN 110 113 1 0.322965 3 0
110 IN 111 112 1 0.161907 2 1
111 LN -1 -1 -1 -1.000000 1 0
112 LN -1 -1 -1 -1.000000 1 1
113 LN -1 -1 -1 -1.000000 1 0
114 LN -1 -1 -1 -1.000000 1 0
115 IN 116 121 1 0.459966 6 0
116 IN 117 120 1 0.365759 3 0
117 IN 118 119 4 10.320000 2 0
118 LN -1 -1 -1 -1.000000 1 0
119 LN -1 -1 -1 -1.000000 1 1
120 LN -1 -1 -1 -1.000000 1 0
121 IN 122 123 4 4.570000 5 1
122 LN -1 -1 -1 -1.000000 1 0
123 IN 124 125 2 96.500000 4 1
124 LN -1 -1 -1 -1.000000 1 0
125 IN 126 129 1 0.727113 3 1
126 IN 127 128 4 8.760000 2 1
127 LN -1 -1 -1 -1.000000 1 1
128 LN -1 -1 -1 -1.000000 1 0
129 LN -1 -1 -1 -1.000000 1 1
130 IN 131 140 2 114.454151 5 0
131 IN 132 135 1 0.129525 4 0
132 IN 133 134 3 134.500000 2 0
133 LN -1 -1 -1 -1.000000 1 1
134 LN -1 -1 -1 -1.000000 1 0
135 IN 136 139 2 103.500000 3 0
136 IN 137 138 2 98.500000 2 0
137 LN -1 -1 -1 -1.000000 1 0
138 LN -1 -1 -1 -1.000000 1 1
139 LN -1 -1 -1 -1.000000 1 0
140 IN 141 142 1 0.147185 3 1
141 LN -1 -1 -1 -1.000000 1 1
142 IN 143 144 1 0.206572 2 1
143 LN -1 -1 -1 -1.000000 1 0
144 LN -1 -1 -1 -1.000000 1 1
145 IN 146 183 3 140.018799 8 1
146 IN 147 158 1 0.034050 7 1
147 IN 148 157 4 9.305000 6 0
148 IN 149 156 3 123.994137 5 0
149 IN 150 151 4 4.690000 4 0
150 LN -1 -1 -1 -1.000000 1 0
151 IN 152 153 1 0.025218 3 1
152 LN -1 -1 -1 -1.000000 1 1
153 IN 154 155 3 118.000000 2 0
154 LN -1 -1 -1 -1.000000 1 0
155 LN -1 -1 -1 -1.000000 1 1
156 LN -1 -1 -1 -1.000000 1 0
157 LN -1 -1 -1 -1.000000 1 0
158 IN 159 160 0 1.991310 6 1
159 LN -1 -1 -1 -1.000000 1 1
160 IN 161 168 3 99.986454 5 1
161 IN 162 167 4 10.671631 4 1
162 IN 163 164 2 95.478168 3 1
163 LN -1 -1 -1 -1.000000 1 1
164 IN 165 166 3 99.155010 2 1
165 LN -1 -1 -1 -1.000000 1 1
166 LN -1 -1 -1 -1.000000 1 1
167 LN -1 -1 -1 -1.000000 1 0
168 IN 169 176 1 0.433357 4 1
169 IN 170 173 2 91.157200 3 1
170 IN 171 172 4 3.999854 2 0
171 LN -1 -1 -1 -1.000000 1 1
172 LN -1 -1 -1 -1.000000 1 0
173 IN 174 175 1 0.421183 2 1
174 LN -1 -1 -1 -1.000000 1 1
175 LN -1 -1 -1 -1.000000 1 1
176 IN 177 180 3 107.840454 3 1
177 IN 178 179 1 0.435719 2 1
178 LN -1 -1 -1 -1.000000 1 0
179 LN -1 -1 -1 -1.000000 1 1
180 IN 181 182 2 101.959164 2 0
181 LN -1 -1 -1 -1.000000 1 1
182 LN -1 -1 -1 -1.000000 1 0
183 IN 184 185 0 1.993643 7 1
184 LN -1 -1 -1 -1.000000 1 1
185 IN 186 197 1 0.051140 6 1
186 IN 187 188 3 151.000000 5 0
187 LN -1 -1 -1 -1.000000 1 0
188 IN 189 194 3 181.500000 4 1
189 IN 190 191 4 12.205000 3 1
190 LN -1 -1 -1 -1.000000 1 1
191 IN 192 193 3 154.500000 2 0
192 LN -1 -1 -1 -1.000000 1 0
193 LN -1 -1 -1 -1.000000 1 1
194 IN 195 196 3 219.286354 2 0
195 LN -1 -1 -1 -1.000000 1 0
196 LN -1 -1 -1 -1.000000 1 1
197 IN 198 205 2 91.445789 5 1
198 IN 199 204 4 6.520000 4 0
199 IN 200 203 2 88.536644 3 0
200 IN 201 202 1 1.193207 2 1
201 LN -1 -1 -1 -1.000000 1 1
202 LN -1 -1 -1 -1.000000 1 0
203 LN -1 -1 -1 -1.000000 1 0
204 LN -1 -1 -1 -1.000000 1 0
205 IN 206 211 2 100.034241 4 1
206 IN 207 210 2 99.994308 3 1
207 IN 208 209 1 0.932702 2 1
208 LN -1 -1 -1 -1.000000 1 1
209 LN -1 -1 -1 -1.000000 1 0
210 LN -1 -1 -1 -1.000000 1 0
211 IN 212 215 4 6.549938 3 1
212 IN 213 214 2 107.972477 2 1
213 LN -1 -1 -1 -1.000000 1 1
214 LN -1 -1 -1 -1.000000 1 1
215 IN 216 217 4 6.617944 2 1
216 LN -1 -1 -1 -1.000000 1 0
217 LN -1 -1 -1 -1.000000 1 1
218 IN 219 238 1 1.463766 9 0
219 IN 220 237 1 1.436169 7 0
220 IN 221 224 3 101.764702 6 0
221 IN 222 223 1 1.428073 2 0
222 LN -1 -1 -1 -1.000000 1 0
223 LN -1 -1 -1 -1.000000 1 1
224 IN 225 226 3 109.544662 5 0
225 LN -1 -1 -1 -1.000000 1 0
226 IN 227 232 4 6.592896 4 0
227 IN 228 231 2 90.321354 3 1
228 IN 229 230 3 146.230461 2 0
229 LN -1 -1 -1 -1.000000 1 0
230 LN -1 -1 -1 -1.000000 1 1
231 LN -1 -1 -1 -1.000000 1 1
232 IN 233 234 4 19.620000 3 0
233 LN -1 -1 -1 -1.000000 1 0
234 IN 235 236 2 107.500000 2 0
235 LN -1 -1 -1 -1.000000 1 0
236 LN -1 -1 -1 -1.000000 1 1
237 LN -1 -1 -1 -1.000000 1 0
238 IN 239 274 4 17.307937 8 0
239 IN 240 269 2 106.500000 7 0
240 IN 241 250 1 1.535915 6 0
241 IN 242 249 4 16.805538 5 1
242 IN 243 244 4 9.504047 4 1
243 LN -1 -1 -1 -1.000000 1 1
244 IN 245 246 4 11.080862 3 1
245 LN -1 -1 -1 -1.000000 1 0
246 IN 247 248 2 99.282486 2 1
247 LN -1 -1 -1 -1.000000 1 1
248 LN -1 -1 -1 -1.000000 1 1
249 LN -1 -1 -1 -1.000000 1 0
250 IN 251 258 3 114.171841 5 0
251 IN 252 257 4 17.209496 4 0
252 IN 253 256 1 1.805429 3 0
253 IN 254 255 3 101.500000 2 0
254 LN -1 -1 -1 -1.000000 1 0
255 LN -1 -1 -1 -1.000000 1 1
256 LN -1 -1 -1 -1.000000 1 0
257 LN -1 -1 -1 -1.000000 1 1
258 IN 259 264 4 7.905000 4 0
259 IN 260 261 4 5.795000 3 0
260 LN -1 -1 -1 -1.000000 1 0
261 IN 262 263 4 6.205000 2 1
262 LN -1 -1 -1 -1.000000 1 1
263 LN -1 -1 -1 -1.000000 1 0
264 IN 265 266 2 100.000000 3 0
265 LN -1 -1 -1 -1.000000 1 0
266 IN 267 268 3 150.000000 2 0
267 LN -1 -1 -1 -1.000000 1 0
268 LN -1 -1 -1 -1.000000 1 1
269 IN 270 273 3 136.965088 3 1
270 IN 271 272 4 8.782776 2 1
271 LN -1 -1 -1 -1.000000 1 1
272 LN -1 -1 -1 -1.000000 1 0
273 LN -1 -1 -1 -1.000000 1 1
274 IN 275 280 2 115.500000 5 0
275 IN 276 279 2 90.515652 3 0
276 IN 277 278 3 116.484348 2 0
277 LN -1 -1 -1 -1.000000 1 1
278 LN -1 -1 -1 -1.000000 1 0
279 LN -1 -1 -1 -1.000000 1 0
280 IN 281 286 4 33.815001 4 1
281 IN 282 283 0 1.500000 3 0
282 LN -1 -1 -1 -1.000000 1 0
283 IN 284 285 3 197.409019 2 0
284 LN -1 -1 -1 -1.000000 1 1
285 LN -1 -1 -1 -1.000000 1 0
286 LN -1 -1 -1 -1.000000 1 1

[TREE 3]
NB_NODES: 283
0 IN 1 66 0 1.007334 11 1
1 IN 2 51 3 146.000000 10 0
2 IN 3 46 2 113.000000 9 0
3 IN 4 23 4 5.570000 8 0
4 IN 5 14 1 0.692199 6 0
5 IN 6 7 3 99.500000 5 0
6 LN -1 -1 -1 -1.000000 1 0
7 IN 8 9 3 103.000000 4 0
8 LN -1 -1 -1 -1.000000 1 1
9 IN 10 11 2 108.000000 3 0
10 LN -1 -1 -1 -1.000000 1 0
11 IN 12 13 3 117.500000 2 0
12 LN -1 -1 -1 -1.000000 1 1
13 LN -1 -1 -1 -1.000000 1 0
14 IN 15 22 4 5.383500 5 0
15 IN 16 17 2 96.500000 4 0
16 LN -1 -1 -1 -1.000000 1 0
17 IN 18 19 1 0.864733 3 0
18 LN -1 -1 -1 -1.000000 1 1
19 IN 20 21 1 1.237119 2 0
20 LN -1 -1 -1 -1.000000 1 0
21 LN -1 -1 -1 -1.000000 1 1
22 LN -1 -1 -1 -1.000000 1 1
23 IN 24 27 2 83.500000 7 0
24 IN 25 26 1 0.930964 2 1
25 LN -1 -1 -1 -1.000000 1 1
26 LN -1 -1 -1 -1.000000 1 0
27 IN 28 39 4 21.160000 6 0
28 IN 29 38 4 9.410000 5 0
29 IN 30 35 4 9.335000 4 0
30 IN 31 32 1 0.268931 3 0
31 LN -1 -1 -1 -1.000000 1 0
32 IN 33 34 2 94.500000 2 0
33 LN -1 -1 -1 -1.000000 1 0
34 LN -1 -1 -1 -1.000000 1 0
35 IN 36 37 2 93.000000 2 0
36 LN -1 -1 -1 -1.000000 1 0
37 LN -1 -1 -1 -1.000000 1 1
38 LN -1 -1 -1 -1.000000 1 0
39 IN 40 41 3 122.000000 4 0
40 LN -1 -1 -1 -1.000000 1 0
41 IN 42 45 1 0.429053 3 0
42 IN 43 44 2 102.500000 2 0
43 LN -1 -1 -1 -1.000000 1 0
44 LN -1 -1 -1 -1.000000 1 1
45 LN -1 -1 -1 -1.000000 1 0
46 IN 47 50 2 114.885494 3 0
47 IN 48 49 3 101.000000 2 1
48 LN -1 -1 -1 -1.000000 1 1
49 LN -1 -1 -1 -1.000000 1 0
50 LN -1 -1 -1 -1.000000 1 0
51 IN 52 65 3 192.000000 8 0
52 IN 53 54 4 9.645000 7 0
53 LN -1 -1 -1 -1.000000 1 0
54 IN 55 64 1 2.195306 6 1
55 IN 56 63 2 114.521301 5 1
56 IN 57 58 2 99.500000 4 0
57 LN -1 -1 -1 -1.000000 1 0
58 IN 59 62 4 18.585000 3 1
59 IN 60 61 4 10.910000 2 0
60 LN -1 -1 -1 -1.000000 1 1
61 LN -1 -1 -1 -1.000000 1 0
62 LN -1 -1 -1 -1.000000 1 1
63 LN -1 -1 -1 -1.000000 1 1
64 LN -1 -1 -1 -1.000000 1 0
65 LN -1 -1 -1 -1.000000 1 1
66 IN 67 210 1 0.903535 10 1
67 IN 68 123 2 97.074326 9 1
68 IN 69 102 4 9.189395 8 1
69 IN 70 71 0 1.990288 7 1
70 LN -1 -1 -1 -1.000000 1 1
71 IN 72 73 2 80.065971 6 1
72 LN -1 -1 -1 -1.000000 1 0
73 IN 74 89 3 96.364609 5 1
74 IN 75 82 2 83.842648 4 0
75 IN 76 79 4 4.442596 3 1
76 IN 77 78 4 2.288514 2 1
77 LN -1 -1 -1 -1.000000 1 0
78 LN -1 -1 -1 -1.000000 1 1
79 IN 80 81 2 82.549438 2 0
80 LN -1 -1 -1 -1.000000 1 0
81 LN -1 -1 -1 -1.000000 1 1
82 IN 83 86 1 0.136645 3 0
83 IN 84 85 2 88.552067 2 0
84 LN -1 -1 -1 -1.000000 1 0
85 LN -1 -1 -1 -1.000000 1 0
86 IN 87 88 3 91.500000 2 0
87 LN -1 -1 -1 -1.000000 1 0
88 LN -1 -1 -1 -1.000000 1 0
89 IN 90 97 1 0.595858 4 1
90 IN 91 94 3 107.850582 3 1
91 IN 92 93 3 98.237179 2 1
92 LN -1 -1 -1 -1.000000 1 1
93 LN -1 -1 -1 -1.000000 1 1
94 IN 95 96 2 94.065605 2 1
95 LN -1 -1 -1 -1.000000 1 0
96 LN -1 -1 -1 -1.000000 1 1
97 IN 98 99 1 0.615104 3 1
98 LN -1 -1 -1 -1.000000 1 0
99 IN 100 101 2 96.802395 2 1
100 LN -1 -1 -1 -1.000000 1 1
101 LN -1 -1 -1 -1.000000 1 0
102 IN 103 122 4 17.965000 7 0
103 IN 104 121 4 17.135695 6 0
104 IN 105 112 3 103.491848 5 0
105 IN 106 111 2 88.671780 4 0
106 IN 107 110 2 88.115284 3 0
107 IN 108 109 1 0.390476 2 0
108 LN -1 -1 -1 -1.000000 1 0
109 LN -1 -1 -1 -1.000000 1 0
110 LN -1 -1 -1 -1.000000 1 1
111 LN -1 -1 -1 -1.000000 1 0
112 IN 113 114 4 10.355691 4 0
113 LN -1 -1 -1 -1.000000 1 0
114 IN 115 118 1 0.274965 3 1
115 IN 116 117 4 16.135000 2 0
116 LN -1 -1 -1 -1.000000 1 0
117 LN -1 -1 -1 -1.000000 1 1
118 IN 119 120 4 16.039762 2 1
119 LN -1 -1 -1 -1.000000 1 1
120 LN -1 -1 -1 -1.000000 1 0
121 LN -1 -1 -1 -1.000000 1 1
122 LN -1 -1 -1 -1.000000 1 0
123 IN 124 149 3 90.150341 8 1
124 IN 125 126 2 97.886581 7 0
125 LN -1 -1 -1 -1.000000 1 1
126 IN 127 138 3 73.500000 6 0
127 IN 128 129 1 0.200809 5 1
128 LN -1 -1 -1 -1.000000 1 0
129 IN 130 131 4 4.965000 4 1
130 LN -1 -1 -1 -1.000000 1 0
131 IN 132 135 2 100.173279 3 1
132 IN 133 134 1 0.786717 2 0
133 LN -1 -1 -1 -1.000000 1 0
134 LN -1 -1 -1 -1.000000 1 1
135 IN 136 137 4 15.319001 2 1
136 LN -1 -1 -1 -1.000000 1 1
137 LN -1 -1 -1 -1.000000 1 0
138 IN 139 148 1 0.538228 5 0
139 IN 140 147 2 114.362053 4 0
140 IN 141 144 4 18.466004 3 0
141 IN 142 143 1 0.064763 2 0
142 LN -1 -1 -1 -1.000000 1 0
143 LN -1 -1 -1 -1.000000 1 0
144 IN 145 146 2 110.434631 2 0
145 LN -1 -1 -1 -1.000000 1 0
146 LN -1 -1 -1 -1.000000 1 1
147 LN -1 -1 -1 -1.000000 1 1
148 LN -1 -1 -1 -1.000000 1 0
149 IN 150 179 1 0.115788 7 1
150 IN 151 168 3 127.000000 6 1
151 IN 152 161 2 103.500000 5 1
152 IN 153 160 4 11.302210 4 1
153 IN 154 157 2 98.132446 3 1
154 IN 155 156 2 97.957756 2 1
155 LN -1 -1 -1 -1.000000 1 1
156 LN -1 -1 -1 -1.000000 1 1
157 IN 158 159 4 6.536816 2 1
158 LN -1 -1 -1 -1.000000 1 1
159 LN -1 -1 -1 -1.000000 1 1
160 LN -1 -1 -1 -1.000000 1 0
161 IN 162 163 4 4.417817 4 0
162 LN -1 -1 -1 -1.000000 1 1
163 IN 164 165 3 115.500000 3 0
164 LN -1 -1 -1 -1.000000 1 0
165 IN 166 167 3 118.500000 2 0
166 LN -1 -1 -1 -1.000000 1 1
167 LN -1 -1 -1 -1.000000 1 0
168 IN 169 178 4 16.927395 5 0
169 IN 170 177 1 0.113335 4 1
170 IN 171 174 2 102.500000 3 1
171 IN 172 173 4 12.650000 2 0
172 LN -1 -1 -1 -1.000000 1 0
173 LN -1 -1 -1 -1.000000 1 1
174 IN 175 176 2 126.000000 2 1
175 LN -1 -1 -1 -1.000000 1 1
176 LN -1 -1 -1 -1.000000 1 0
177 LN -1 -1 -1 -1.000000 1 0
178 LN -1 -1 -1 -1.000000 1 0
179 IN 180 197 3 138.500000 6 1
180 IN 181 196 3 137.616066 5 1
181 IN 182 189 1 0.463901 4 1
182 IN 183 186 2 104.938332 3 1
183 IN 184 185 3 111.234570 2 1
184 LN -1 -1 -1 -1.000000 1 1
185 LN -1 -1 -1 -1.000000 1 1
186 IN 187 188 2 108.481857 2 1
187 LN -1 -1 -1 -1.000000 1 0
188 LN -1 -1 -1 -1.000000 1 1
189 IN 190 193 4 10.094856 3 1
190 IN 191 192 0 1.980833 2 1
191 LN -1 -1 -1 -1.000000 1 1
192 LN -1 -1 -1 -1.000000 1 1
193 IN 194 195 3 119.693836 2 0
194 LN -1 -1 -1 -1.000000 1 0
195 LN -1 -1 -1 -1.000000 1 1
196 LN -1 -1 -1 -1.000000 1 0
197 IN 198 207 4 22.923471 5 1
198 IN 199 200 0 1.982289 4 1
199 LN -1 -1 -1 -1.000000 1 1
200 IN 201 204 1 0.438623 3 1
201 IN 202 203 3 172.021339 2 1
202 LN -1 -1 -1 -1.000000 1 1
203 LN -1 -1 -1 -1.000000 1 1
204 IN 205 206 2 113.200558 2 1
205 LN -1 -1 -1 -1.000000 1 1
206 LN -1 -1 -1 -1.000000 1 1
207 IN 208 209 1 0.598808 2 0
208 LN -1 -1 -1 -1.000000 1 0
209 LN -1 -1 -1 -1.000000 1 1
210 IN 211 212 0 1.991310 9 0
211 LN -1 -1 -1 -1.000000 1 1
212 IN 213 252 4 18.345625 8 0
213 IN 214 241 2 106.049553 7 0
214 IN 215 226 3 105.203274 6 0
215 IN 216 217 4 1.598886 5 0
216 LN -1 -1 -1 -1.000000 1 1
217 IN 218 223 2 104.500000 4 0
218 IN 219 220 3 69.500000 3 0
219 LN -1 -1 -1 -1.000000 1 0
220 IN 221 222 3 72.831982 2 0
221 LN -1 -1 -1 -1.000000 1 1
222 LN -1 -1 -1 -1.000000 1 0
223 IN 224 225 4 9.769491 2 1
224 LN -1 -1 -1 -1.000000 1 1
225 LN -1 -1 -1 -1.000000 1 0
226 IN 227 236 1 2.001018 5 0
227 IN 228 229 2 83.070816 4 1
228 LN -1 -1 -1 -1.000000 1 0
229 IN 230 233 4 7.218489 3 1
230 IN 231 232 1 1.026640 2 1
231 LN -1 -1 -1 -1.000000 1 1
232 LN -1 -1 -1 -1.000000 1 1
233 IN 234 235 1 0.957501 2 0
234 LN -1 -1 -1 -1.000000 1 0
235 LN -1 -1 -1 -1.000000 1 1
236 IN 237 240 4 12.242803 3 0
237 IN 238 239 1 2.763296 2 1
238 LN -1 -1 -1 -1.000000 1 1
239 LN -1 -1 -1 -1.000000 1 0
240 LN -1 -1 -1 -1.000000 1 0
241 IN 242 243 2 106.882351 6 1
242 LN -1 -1 -1 -1.000000 1 1
243 IN 244 245 4 4.065096 5 1
244 LN -1 -1 -1 -1.000000 1 1
245 IN 246 247 4 5.925000 4 1
246 LN -1 -1 -1 -1.000000 1 0
247 IN 248 251 1 1.543160 3 1
248 IN 249 250 2 109.052128 2 1
249 LN -1 -1 -1 -1.000000 1 0
250 LN -1 -1 -1 -1.000000 1 1
251 LN -1 -1 -1 -1.000000 1 1
252 IN 253 270 4 27.910961 7 0
253 IN 254 267 2 114.828068 6 0
254 IN 255 258 2 83.930565 5 0
255 IN 256 257 2 74.930565 2 0
256 LN -1 -1 -1 -1.000000 1 0
257 LN -1 -1 -1 -1.000000 1 1
258 IN 259 264 4 26.305266 4 0
259 IN 260 261 3 171.217636 3 0
260 LN -1 -1 -1 -1.000000 1 0
261 IN 262 263 1 1.039297 2 0
262 LN -1 -1 -1 -1.000000 1 1
263 LN -1 -1 -1 -1.000000 1 0
264 IN 265 266 4 26.435266 2 0
265 LN -1 -1 -1 -1.000000 1 1
266 LN -1 -1 -1 -1.000000 1 0
267 IN 268 269 4 23.130184 2 1
268 LN -1 -1 -1 -1.000000 1 1
269 LN -1 -1 -1 -1.000000 1 0
270 IN 271 276 3 147.179291 5 0
271 IN 272 273 3 143.320450 3 0
272 LN -1 -1 -1 -1.000000 1 0
273 IN 274 275 2 121.918385 2 0
274 LN -1 -1 -1 -1.000000 1 1
275 LN -1 -1 -1 -1.000000 1 0
276 IN 277 282 1 2.904080 4 1
277 IN 278 279 4 31.595729 3 1
278 LN -1 -1 -1 -1.000000 1 1
279 IN 280 281 2 108.027622 2 1
280 LN -1 -1 -1 -1.000000 1 0
281 LN -1 -1 -1 -1.000000 1 1
282 LN -1 -1 -1 -1.000000 1 0

[TREE 4]
NB_NODES: 327
0 IN 1 164 2 99.020683 11 1
1 IN 2 71 3 98.078320 10 0
2 IN 3 18 0 1.059181 9 0
3 IN 4 13 2 98.500000 6 0
4 IN 5 6 3 90.500000 5 0
5 LN -1 -1 -1 -1.000000 1 0
6 IN 7 8 2 93.500000 4 0
7 LN -1 -1 -1 -1.000000 1 0
8 IN 9 12 2 94.500000 3 0
9 IN 10 11 4 7.805000 2 0
10 LN -1 -1 -1 -1.000000 1 0
11 LN -1 -1 -1 -1.000000 1 1
12 LN -1 -1 -1 -1.000000 1 0
13 IN 14 15 3 90.500000 3 0
14 LN -1 -1 -1 -1.000000 1 0
15 IN 16 17 1 0.809534 2 0
16 LN -1 -1 -1 -1.000000 1 0
17 LN -1 -1 -1 -1.000000 1 1
18 IN 19 20 2 80.065971 8 0
19 LN -1 -1 -1 -1.000000 1 0
20 IN 21 38 2 83.925209 7 0
21 IN 22 37 1 1.409296 6 1
22 IN 23 30 4 4.448715 5 1
23 IN 24 29 1 1.118681 4 1
24 IN 25 26 3 64.155090 3 1
25 LN -1 -1 -1 -1.000000 1 0
26 IN 27 28 3 86.363586 2 1
27 LN -1 -1 -1 -1.000000 1 1
28 LN -1 -1 -1 -1.000000 1 1
29 LN -1 -1 -1 -1.000000 1 0
30 IN 31 36 2 83.047630 4 0
31 IN 32 33 2 82.500000 3 0
32 LN -1 -1 -1 -1.000000 1 0
33 IN 34 35 4 6.395000 2 0
34 LN -1 -1 -1 -1.000000 1 1
35 LN -1 -1 -1 -1.000000 1 0
36 LN -1 -1 -1 -1.000000 1 1
37 LN -1 -1 -1 -1.000000 1 1
38 IN 39 54 2 88.003761 6 0
39 IN 40 53 3 97.475712 5 0
40 IN 41 48 4 5.300000 4 0
41 IN 42 45 4 4.958362 3 0
42 IN 43 44 3 74.629372 2 0
43 LN -1 -1 -1 -1.000000 1 0
44 LN -1 -1 -1 -1.000000 1 0
45 IN 46 47 2 86.742470 2 1
46 LN -1 -1 -1 -1.000000 1 1
47 LN -1 -1 -1 -1.000000 1 0
48 IN 49 52 1 0.465316 3 0
49 IN 50 51 1 0.424839 2 0
50 LN -1 -1 -1 -1.000000 1 0
51 LN -1 -1 -1 -1.000000 1 1
52 LN -1 -1 -1 -1.000000 1 0
53 LN -1 -1 -1 -1.000000 1 1
54 IN 55 56 2 88.876778 5 0
55 LN -1 -1 -1 -1.000000 1 1
56 IN 57 64 4 6.510000 4 0
57 IN 58 61 3 56.671377 3 0
58 IN 59 60 4 4.099075 2 1
59 LN -1 -1 -1 -1.000000 1 0
60 LN -1 -1 -1 -1.000000 1 1
61 IN 62 63 3 75.020363 2 0
62 LN -1 -1 -1 -1.000000 1 0
63 LN -1 -1 -1 -1.000000 1 0
64 IN 65 68 3 90.500000 3 0
65 IN 66 67 4 10.060000 2 0
66 LN -1 -1 -1 -1.000000 1 0
67 LN -1 -1 -1 -1.000000 1 0
68 IN 69 70 4 11.005099 2 0
69 LN -1 -1 -1 -1.000000 1 0
70 LN -1 -1 -1 -1.000000 1 0
71 IN 72 93 0 1.031555 9 1
72 IN 73 76 3 107.500000 7 0
73 IN 74 75 4 2.680000 2 0
74 LN -1 -1 -1 -1.000000 1 1
75 LN -1 -1 -1 -1.000000 1 0
76 IN 77 88 4 7.855000 6 0
77 IN 78 87 4 6.808523 5 0
78 IN 79 84 1 0.719017 4 0
79 IN 80 81 4 6.200000 3 0
80 LN -1 -1 -1 -1.000000 1 0
81 IN 82 83 3 130.000000 2 0
82 LN -1 -1 -1 -1.000000 1 0
83 LN -1 -1 -1 -1.000000 1 1
84 IN 85 86 1 1.010450 2 0
85 LN -1 -1 -1 -1.000000 1 1
86 LN -1 -1 -1 -1.000000 1 0
87 LN -1 -1 -1 -1.000000 1 1
88 IN 89 90 4 18.065001 3 0
89 LN -1 -1 -1 -1.000000 1 0
90 IN 91 92 2 86.000000 2 0
91 LN -1 -1 -1 -1.000000 1 1
92 LN -1 -1 -1 -1.000000 1 0
93 IN 94 95 0 1.990288 8 1
94 LN -1 -1 -1 -1.000000 1 1
95 IN 96 141 4 9.189395 7 1
96 IN 97 122 3 161.226791 6 1
97 IN 98 109 4 2.706039 5 1
98 IN 99 104 3 122.389336 4 0
99 IN 100 101 4 2.190000 3 0
100 LN -1 -1 -1 -1.000000 1 0
101 IN 102 103 2 91.500000 2 0
102 LN -1 -1 -1 -1.000000 1 1
103 LN -1 -1 -1 -1.000000 1 0
104 IN 105 106 2 83.155735 3 1
105 LN -1 -1 -1 -1.000000 1 0
106 IN 107 108 3 131.414764 2 1
107 LN -1 -1 -1 -1.000000 1 1
108 LN -1 -1 -1 -1.000000 1 0
109 IN 110 115 4 3.544201 4 1
110 IN 111 112 2 82.500000 3 1
111 LN -1 -1 -1 -1.000000 1 0
112 IN 113 114 3 143.098953 2 1
113 LN -1 -1 -1 -1.000000 1 1
114 LN -1 -1 -1 -1.000000 1 0
115 IN 116 119 3 99.978168 3 1
116 IN 117 118 2 95.478168 2 1
117 LN -1 -1 -1 -1.000000 1 1
118 LN -1 -1 -1 -1.000000 1 0
119 IN 120 121 4 3.680901 2 1
120 LN -1 -1 -1 -1.000000 1 0
121 LN -1 -1 -1 -1.000000 1 1
122 IN 123 134 2 96.920986 5 1
123 IN 124 129 1 0.967289 4 1
124 IN 125 126 4 2.665000 3 1
125 LN -1 -1 -1 -1.000000 1 0
126 IN 127 128 4 7.322186 2 1
127 LN -1 -1 -1 -1.000000 1 1
128 LN -1 -1 -1 -1.000000 1 1
129 IN 130 133 4 4.505037 3 1
130 IN 131 132 4 2.729742 2 1
131 LN -1 -1 -1 -1.000000 1 1
132 LN -1 -1 -1 -1.000000 1 1
133 LN -1 -1 -1 -1.000000 1 0
134 IN 135 140 1 0.657191 4 1
135 IN 136 137 2 98.387741 3 1
136 LN -1 -1 -1 -1.000000 1 1
137 IN 138 139 1 0.476157 2 1
138 LN -1 -1 -1 -1.000000 1 0
139 LN -1 -1 -1 -1.000000 1 1
140 LN -1 -1 -1 -1.000000 1 0
141 IN 142 163 1 1.872509 6 0
142 IN 143 150 3 111.106361 5 0
143 IN 144 149 2 94.973724 4 0
144 IN 145 148 2 94.148365 3 0
145 IN 146 147 3 108.932289 2 0
146 LN -1 -1 -1 -1.000000 1 0
147 LN -1 -1 -1 -1.000000 1 0
148 LN -1 -1 -1 -1.000000 1 1
149 LN -1 -1 -1 -1.000000 1 0
150 IN 151 156 3 151.500000 4 0
151 IN 152 153 1 0.099437 3 1
152 LN -1 -1 -1 -1.000000 1 0
153 IN 154 155 1 0.672695 2 1
154 LN -1 -1 -1 -1.000000 1 1
155 LN -1 -1 -1 -1.000000 1 0
156 IN 157 160 1 0.347824 3 0
157 IN 158 159 1 0.052655 2 0
158 LN -1 -1 -1 -1.000000 1 0
159 LN -1 -1 -1 -1.000000 1 1
160 IN 161 162 3 152.783775 2 0
161 LN -1 -1 -1 -1.000000 1 0
162 LN -1 -1 -1 -1.000000 1 0
163 LN -1 -1 -1 -1.000000 1 0
164 IN 165 206 0 1.022983 10 1
165 IN 166 199 3 151.000000 8 0
166 IN 167 184 3 123.500000 7 0
167 IN 168 181 4 19.168105 6 0
168 IN 169 180 1 0.534293 5 0
169 IN 170 175 2 101.500000 4 0
170 IN 171 172 2 100.500000 3 0
171 LN -1 -1 -1 -1.000000 1 0
172 IN 173 174 1 0.501911 2 0
173 LN -1 -1 -1 -1.000000 1 0
174 LN -1 -1 -1 -1.000000 1 1
175 IN 176 177 2 107.500000 3 0
176 LN -1 -1 -1 -1.000000 1 0
177 IN 178 179 4 5.945000 2 0
178 LN -1 -1 -1 -1.000000 1 1
179 LN -1 -1 -1 -1.000000 1 0
180 LN -1 -1 -1 -1.000000 1 0
181 IN 182 183 4 19.838105 2 0
182 LN -1 -1 -1 -1.000000 1 1
183 LN -1 -1 -1 -1.000000 1 0
184 IN 185 192 3 124.500000 5 0
185 IN 186 191 2 106.000000 4 0
186 IN 187 190 2 104.500000 3 1
187 IN 188 189 4 15.935000 2 0
188 LN -1 -1 -1 -1.000000 1 0
189 LN -1 -1 -1 -1.000000 1 1
190 LN -1 -1 -1 -1.000000 1 1
191 LN -1 -1 -1 -1.000000 1 0
192 IN 193 198 4 7.410000 4 0
193 IN 194 195 2 116.500000 3 0
194 LN -1 -1 -1 -1.000000 1 0
195 IN 196 197 4 5.800000 2 0
196 LN -1 -1 -1 -1.000000 1 0
197 LN -1 -1 -1 -1.000000 1 1
198 LN -1 -1 -1 -1.000000 1 0
199 IN 200 203 2 114.564495 3 0
200 IN 201 202 4 18.740000 2 0
201 LN -1 -1 -1 -1.000000 1 0
202 LN -1 -1 -1 -1.000000 1 1
203 IN 204 205 4 9.035000 2 1
204 LN -1 -1 -1 -1.000000 1 0
205 LN -1 -1 -1 -1.000000 1 1
206 IN 207 252 3 91.013401 9 1
207 IN 208 233 3 72.500000 8 0
208 IN 209 214 1 0.194182 7 1
209 IN 210 211 3 70.000000 3 0
210 LN -1 -1 -1 -1.000000 1 0
211 IN 212 213 4 12.965000 2 0
212 LN -1 -1 -1 -1.000000 1 0
213 LN -1 -1 -1 -1.000000 1 1
214 IN 215 222 2 101.065922 6 1
215 IN 216 221 3 68.322121 4 0
216 IN 217 218 4 5.670460 3 1
217 LN -1 -1 -1 -1.000000 1 0
218 IN 219 220 4 7.814136 2 1
219 LN -1 -1 -1 -1.000000 1 1
220 LN -1 -1 -1 -1.000000 1 0
221 LN -1 -1 -1 -1.000000 1 0
222 IN 223 232 1 1.069757 5 1
223 IN 224 225 1 0.400563 4 1
224 LN -1 -1 -1 -1.000000 1 1
225 IN 226 229 3 55.465673 3 1
226 IN 227 228 1 0.647001 2 1
227 LN -1 -1 -1 -1.000000 1 0
228 LN -1 -1 -1 -1.000000 1 1
229 IN 230 231 3 69.390606 2 1
230 LN -1 -1 -1 -1.000000 1 1
231 LN -1 -1 -1 -1.000000 1 1
232 LN -1 -1 -1 -1.000000 1 0
233 IN 234 245 2 113.434631 6 0
234 IN 235 238 3 90.150341 5 0
235 IN 236 237 0 1.612351 2 0
236 LN -1 -1 -1 -1.000000 1 1
237 LN -1 -1 -1 -1.000000 1 0
238 IN 239 244 4 10.656503 4 0
239 IN 240 243 4 8.938739 3 1
240 IN 241 242 4 6.400424 2 0
241 LN -1 -1 -1 -1.000000 1 1
242 LN -1 -1 -1 -1.000000 1 0
243 LN -1 -1 -1 -1.000000 1 1
244 LN -1 -1 -1 -1.000000 1 0
245 IN 246 251 2 122.500000 4 1
246 IN 247 250 3 88.069515 3 1
247 IN 248 249 1 0.263600 2 1
248 LN -1 -1 -1 -1.000000 1 0
249 LN -1 -1 -1 -1.000000 1 1
250 LN -1 -1 -1 -1.000000 1 1
251 LN -1 -1 -1 -1.000000 1 0
252 IN 253 302 4 18.904373 8 1
253 IN 254 271 1 0.051140 7 1
254 IN 255 256 1 0.003028 6 0
255 LN -1 -1 -1 -1.000000 1 0
256 IN 257 264 4 7.535745 5 1
257 IN 258 263 1 0.034833 4 1
258 IN 259 260 1 0.011729 3 1
259 LN -1 -1 -1 -1.000000 1 1
260 IN 261 262 3 144.000000 2 1
261 LN -1 -1 -1 -1.000000 1 1
262 LN -1 -1 -1 -1.000000 1 1
263 LN -1 -1 -1 -1.000000 1 0
264 IN 265 266 1 0.020273 4 0
265 LN -1 -1 -1 -1.000000 1 0
266 IN 267 268 4 8.745000 3 0
267 LN -1 -1 -1 -1.000000 1 0
268 IN 269 270 2 101.500000 2 1
269 LN -1 -1 -1 -1.000000 1 0
270 LN -1 -1 -1 -1.000000 1 1
271 IN 272 285 4 5.446301 6 1
272 IN 273 274 3 93.247807 5 1
273 LN -1 -1 -1 -1.000000 1 0
274 IN 275 282 2 132.847542 4 1
275 IN 276 279 2 103.096001 3 1
276 IN 277 278 1 1.105091 2 1
277 LN -1 -1 -1 -1.000000 1 1
278 LN -1 -1 -1 -1.000000 1 0
279 IN 280 281 2 108.004921 2 1
280 LN -1 -1 -1 -1.000000 1 1
281 LN -1 -1 -1 -1.000000 1 1
282 IN 283 284 1 0.482620 2 1
283 LN -1 -1 -1 -1.000000 1 0
284 LN -1 -1 -1 -1.000000 1 1
285 IN 286 287 0 1.991310 5 1
286 LN -1 -1 -1 -1.000000 1 1
287 IN 288 295 2 100.983879 4 1
288 IN 289 292 1 0.702912 3 1
289 IN 290 291 4 8.900070 2 1
290 LN -1 -1 -1 -1.000000 1 1
291 LN -1 -1 -1 -1.000000 1 1
292 IN 293 294 2 100.014534 2 1
293 LN -1 -1 -1 -1.000000 1 0
294 LN -1 -1 -1 -1.000000 1 1
295 IN 296 299 1 0.870206 3 1
296 IN 297 298 2 118.019012 2 1
297 LN -1 -1 -1 -1.000000 1 1
298 LN -1 -1 -1 -1.000000 1 1
299 IN 300 301 2 106.049553 2 1
300 LN -1 -1 -1 -1.000000 1 0
301 LN -1 -1 -1 -1.000000 1 1
302 IN 303 304 0 1.975608 7 0
303 LN -1 -1 -1 -1.000000 1 1
304 IN 305 318 2 114.347874 6 0
305 IN 306 307 1 0.234765 5 0
306 LN -1 -1 -1 -1.000000 1 1
307 IN 308 315 2 111.458969 4 0
308 IN 309 312 4 26.305266 3 0
309 IN 310 311 4 19.275805 2 0
310 LN -1 -1 -1 -1.000000 1 0
311 LN -1 -1 -1 -1.000000 1 0
312 IN 313 314 3 153.500000 2 0
313 LN -1 -1 -1 -1.000000 1 0
314 LN -1 -1 -1 -1.000000 1 1
315 IN 316 317 2 112.629456 2 0
316 LN -1 -1 -1 -1.000000 1 1
317 LN -1 -1 -1 -1.000000 1 0
318 IN 319 326 2 126.500000 5 1
319 IN 320 321 1 0.178562 4 1
320 LN -1 -1 -1 -1.000000 1 0
321 IN 322 323 3 134.820450 3 1
322 LN -1 -1 -1 -1.000000 1 0
323 IN 324 325 1 2.360955 2 1
324 LN -1 -1 -1 -1.000000 1 1
325 LN -1 -1 -1 -1.000000 1 0
326 LN -1 -1 -1 -1.000000 1 0

